.changeset/add-editor-heading-levels.md
  s_624d811dcaeb04::t_9cf3acd42012aa 1-5
.changeset/add-editor-script-marks.md
  s_624d811dcaeb04::t_6bb10811fad637 1-5
.changeset/admin-kumo-brand-colour.md
  s_624d811dcaeb04::t_232a191dc7aaa4 1-5
.changeset/allow-linked-inline-code.md
  s_624d811dcaeb04::t_953c027a002087 1-6
.changeset/calm-dashboard-type.md
  s_624d811dcaeb04::t_a1390c01c57260 1-5
.changeset/calm-owls-read.md
  s_624d811dcaeb04::t_7c6647842cdb61 1-5
.changeset/fix-bundled-hreflang.md
  s_624d811dcaeb04::t_1c1ba27fd25309 1-5
.changeset/fix-table-block-delete.md
  s_624d811dcaeb04::t_1950a327dc37a7 1-5
.changeset/great-cases-smile.md
  s_624d811dcaeb04::t_7496a04a042eb1 1-5
.changeset/media-library-project.md
  s_624d811dcaeb04::t_ea9d91875d300e 1-6
.changeset/polish-block-actions-menu.md
  s_624d811dcaeb04::t_08f716544cab4e 1-5
.changeset/refine-welcome-modal-layout.md
  s_624d811dcaeb04::t_11372c29bd2bf4 1-5
.changeset/stream-media-uploads.md
  s_624d811dcaeb04::t_9be5601ac5a6d1 1-7
.changeset/tidy-pandas-repeat.md
  s_624d811dcaeb04::t_fec4e8bcbd148a 1-5
docs/src/content/docs/contributing/architecture.mdx
  s_624d811dcaeb04::t_307e3f6593c9e1 248,253
docs/src/content/docs/guides/taxonomies.mdx
  s_624d811dcaeb04::t_738fbfe0f67fde 129-136
e2e/tests/accessibility.spec.ts
  s_624d811dcaeb04::t_480507512031c4 61-147,215-263
e2e/tests/i18n.spec.ts
  s_624d811dcaeb04::t_fed7104f1be08d 111
e2e/tests/welcome-modal.spec.ts
  s_624d811dcaeb04::t_dd91ed898af577 1-57
fixtures/perf-site/CHANGELOG.md
  s_624d811dcaeb04::t_2f2b9f420453c3 3-10
fixtures/perf-site/package.json
  s_624d811dcaeb04::t_cc3c0d5818aea8 3
infra/blog-demo/CHANGELOG.md
  s_624d811dcaeb04::t_92d563aba22747 3-10
infra/blog-demo/package.json
  s_624d811dcaeb04::t_a15ddc83770461 3
infra/cache-demo/CHANGELOG.md
  s_624d811dcaeb04::t_bd0339e29c00c5 3-10
infra/cache-demo/package.json
  s_624d811dcaeb04::t_94d85c64e1a398 3
infra/do-demo/CHANGELOG.md
  s_624d811dcaeb04::t_9c313e541f2521 3-10
infra/do-demo/package.json
  s_624d811dcaeb04::t_c1495c4dc6e1fb 3
infra/do-solo-demo/CHANGELOG.md
  s_624d811dcaeb04::t_3fca0bb65f7263 3-10
infra/do-solo-demo/package.json
  s_624d811dcaeb04::t_35b6f900655497 3
packages/admin/CHANGELOG.md
  s_624d811dcaeb04::t_9eb9798578acb1 3-9
packages/admin/package.json
  s_624d811dcaeb04::t_08cf7f79653aae 3,52,62-63
packages/admin/src/components/ContentList.tsx
  s_624d811dcaeb04::t_46f31fc58ce619 325,554,886,982,1099
packages/admin/src/components/ContentTypeEditor.tsx
  s_624d811dcaeb04::t_b6e14d4fd975ed 354
packages/admin/src/components/ContentTypeList.tsx
  s_624d811dcaeb04::t_9876f9eb62b7f0 40-43,123,190
packages/admin/src/components/Dashboard.tsx
  s_624d811dcaeb04::t_cde4087aa3a393 4,12,41,81-92,129-131,133-136,150,182-187,197,201,220,225-227,240-242,284,299,304-306,318,321,325-328,414,416,422
packages/admin/src/components/DeviceAuthorizePage.tsx
  s_624d811dcaeb04::t_229827d76a99df 174
packages/admin/src/components/EditorHeader.tsx
  s_624d811dcaeb04::t_6bcb48e6c953f7 45
packages/admin/src/components/InviteAcceptPage.tsx
  s_624d811dcaeb04::t_ebc040a46febcb 40
packages/admin/src/components/LocaleSwitcher.tsx
  s_624d811dcaeb04::t_6fe928208c1d29 111
packages/admin/src/components/LoginPage.tsx
  s_624d811dcaeb04::t_435a91227d9b18 87,336
packages/admin/src/components/MarketplaceBrowse.tsx
  s_624d811dcaeb04::t_f00800935bd8cb 87-90,252,269,309
packages/admin/src/components/MarketplacePluginDetail.tsx
  s_624d811dcaeb04::t_62893c2c04423f 125,156,162,165,222,233,293
packages/admin/src/components/MediaLibrary.tsx
  s_624d811dcaeb04::t_5ef37309fef6ff 321,444,673,694-695,828,830-832,885,887
packages/admin/src/components/MenuEditor.tsx
  s_624d811dcaeb04::t_86ae7f418cfe83 368-369,517
packages/admin/src/components/MenuList.tsx
  s_624d811dcaeb04::t_587f39378201db 104-107
packages/admin/src/components/PluginFieldErrorBoundary.tsx
  s_624d811dcaeb04::t_0771147fcce3ed 41
packages/admin/src/components/PluginManager.tsx
  s_624d811dcaeb04::t_2a3a3128786950 139,148,156-163,205,373,386
packages/admin/src/components/PluginSettings.tsx
  s_624d811dcaeb04::t_30266cdff6f501 128,142,170
packages/admin/src/components/PortableTextEditor.tsx
  s_624d811dcaeb04::t_fceeee0f6f0e42 51-52,57-59,96-97,119,1065-1070,1152-1181,2541,2549-2550,2556,2561,2568-2569,2571,3167-3168,3309-3322,3556-3557,3711-3724,3738
packages/admin/src/components/Redirects.tsx
  s_624d811dcaeb04::t_1f417be644cf7e 359-362,376,393
packages/admin/src/components/RegistryBrowse.tsx
  s_624d811dcaeb04::t_a0a087b8126554 71-74,188
packages/admin/src/components/RegistryPluginDetail.tsx
  s_624d811dcaeb04::t_d4a132ac736544 447,465,490,699,705,727,736
packages/admin/src/components/RevisionHistory.tsx
  s_624d811dcaeb04::t_c835c8159bdadf 364
packages/admin/src/components/SectionEditor.tsx
  s_624d811dcaeb04::t_4bc21fcdd05bf2 79,183
packages/admin/src/components/Sections.tsx
  s_624d811dcaeb04::t_4489007376bb51 134-135
packages/admin/src/components/Settings.tsx
  s_624d811dcaeb04::t_88d5b5dad249cf 63
packages/admin/src/components/SignupPage.tsx
  s_624d811dcaeb04::t_c70052fb17ffe1 116,440
packages/admin/src/components/TaxonomyManager.tsx
  s_624d811dcaeb04::t_9aa5f711cf08d8 752-753,755,818-819
packages/admin/src/components/TaxonomySidebar.tsx
  s_624d811dcaeb04::t_36d4c34f8d4b69 81-82,85-87,340-341,343
packages/admin/src/components/ThemeMarketplaceBrowse.tsx
  s_624d811dcaeb04::t_5c7fb449743fe0 77-78,220,225
packages/admin/src/components/ThemeMarketplaceDetail.tsx
  s_624d811dcaeb04::t_a870bc693cf540 120,124,127,217,228
packages/admin/src/components/TranslationsPanel.tsx
  s_624d811dcaeb04::t_817d0c5020ef28 83
packages/admin/src/components/WelcomeModal.tsx
  s_624d811dcaeb04::t_7a6da5639f2288 7,11,39-44,107-108,115-116,118,123-136,138-143,146-154
packages/admin/src/components/Widgets.tsx
  s_624d811dcaeb04::t_af88222a4007b9 388-391,696
packages/admin/src/components/WordPressImport.tsx
  s_624d811dcaeb04::t_c0cdd29cbb7a63 691-692,1034,1079,1205,1321,1327,1333,1518,1532,1872,2013,2057,2089,2451
packages/admin/src/components/comments/CommentInbox.tsx
  s_624d811dcaeb04::t_538bec1f0cdda8 147,149
packages/admin/src/components/editor/BlockMenu.tsx
  s_624d811dcaeb04::t_c62efa1c5330c8 10,13,23-25,39,85-108,143-144,153-154,160-167,169-171,173-175,178,180-185,218-238,241-264,266-323
packages/admin/src/components/editor/CodeMarkExtension.ts
  s_624d811dcaeb04::t_ea1c663fea4fef 1-11
packages/admin/src/components/editor/DragHandleWrapper.tsx
  s_624d811dcaeb04::t_52045d492c0700 112-114,125,128,189-190,203
packages/admin/src/components/settings/AllowedDomainsSettings.tsx
  s_624d811dcaeb04::t_65aa248e914a54 152
packages/admin/src/components/settings/ApiTokenSettings.tsx
  s_624d811dcaeb04::t_293f7f44801794 193-194
packages/admin/src/components/settings/BackupSettings.tsx
  s_624d811dcaeb04::t_c1e887b4b82de5 133,148
packages/admin/src/components/settings/EmailSettings.tsx
  s_624d811dcaeb04::t_9f00f5fcc09547 77,92
packages/admin/src/components/settings/GeneralSettings.tsx
  s_624d811dcaeb04::t_8237b4c2e6dd9b 96,124
packages/admin/src/components/settings/SecuritySettings.tsx
  s_624d811dcaeb04::t_779664f9b2af75 95
packages/admin/src/components/settings/SeoSettings.tsx
  s_624d811dcaeb04::t_7e16ba1174b1d6 90,115
packages/admin/src/components/settings/SocialSettings.tsx
  s_624d811dcaeb04::t_50ef4ab1435664 70,95
packages/admin/src/components/users/UserList.tsx
  s_624d811dcaeb04::t_6978910bba6010 54,123,137
packages/admin/src/lib/api/media.ts
  s_624d811dcaeb04::t_0671fe4fac0099 182-204,212,214,222,232-235,341-343
packages/admin/src/locales/ar/messages.po
  s_624d811dcaeb04::t_7712e589124dfc 80,96,123,128,153-154,164,194,199,211-212,232,278,289,295,301,416,420,520,576,608-609,622,628,630,634,650,654,708,716,733,745,749,753,765,769,808,813,821,825,829,851,881,886,890,914,931-932,941,956,971-974,1007,1015,1024-1025,1052,1067,1076,1080,1156,1160,1192,1201,1295-1296,1310,1314,1323,1331-1333,1404-1406,1419,1445,1523,1615-1620,1643-1646,1666-1668,1672-1674,1678,1682,1737,1780,1783,1908,1941,1946,1950,1955,1959,1968,1994-1995,1999,2029,2056,2064,2069,2131,2136,2189-2190,2251,2262-2263,2269-2270,2274-2275,2290,2295,2306,2311,2316,2332,2340,2371,2388,2393,2397,2401,2409,2413,2429,2432-2433,2436-2437,2486,2494,2503,2507,2543,2547,2551,2563-2564,2570,2627,2649,2727,2736,2748,2752,2759,2768,2772,2776,2780,2788,2816,2825-2826,2869,2881,2890,2963,2967,2995,2999,3003,3008,3070-3071,3087,3103,3107,3111,3136,3164,3197,3233,3246,3250,3303,3349,3357,3361,3365,3382,3407,3415,3435,3499,3524,3593,3634,3656,3676,3701,3705,3709,3713,3743,3818,3835,3840,3882,3904,3921,3953,3955,3959,3961,3965,3967,3971,3973,3977,3979,3983,3985,4021,4033,4043,4051-4052,4068,4083,4235,4245,4249,4253,4257,4261,4265,4269,4273,4277,4281-4282,4294-4295,4299,4332,4334,4340,4344,4398-4399,4404,4474,4476,4496,4500,4611-4612,4626,4634,4642-4643,4651,4667,4687,4700,4703-4704,4707,4762,4782,4790,4794,4798,4802,4818,4848,4853-4854,4879-4880,4922,4927,5019-5022,5122,5124,5127,5130,5164,5181,5194,5206,5249,5259,5267-5268,5320,5372,5424,5449,5453,5457,5461,5473,5477,5481,5491,5533,5567-5569,5594,5706,5710,5714,5719,5728-5729,5737,5830,5917,5941,5963,5971,5982,6057,6061,6091-6092,6127-6129,6175,6197,6206,6211,6223,6227,6260,6272,6313,6318-6319,6457,6460,6542,6571,6643,6679,6813-6814,6818-6819,6828,6858,6910,6914,6926,6962,6966,7004,7013,7040,7045,7155,7339,7358,7362-7369,7397,7405,7409-7410,7429,7446-7447,7454,7463,7479-7480,7501-7510,7539,7543,7572,7580,7584,7598,7604,7608,7616,7628,7641,7653,7765,7789,7802,7815,7839,7864,7872,7929,8014,8038,8048-8049,8053,8058-8059,8063,8067,8071,8112,8129,8137-8138,8177,8196,8259,8300-8302,8315,8395,8404,8453,8477,8490,8533,8537,8601-8602,8614,8618,8622,8626,8631,8671,8709,8713,8721,8729,8737,8784,8832
packages/admin/src/locales/ca/messages.po
  s_624d811dcaeb04::t_8041446ea1b872 76,92,119,124,149-150,160,190,195,207-208,228,274,285,291,297,412,416,516,572,604-605,618,624,626,630,646,650,704,712,729,741,745,749,761,765,804,809,817,821,825,847,877,882,886,910,927-928,937,952,967-970,1003,1011,1020-1021,1048,1063,1072,1076,1152,1156,1188,1197,1291-1292,1306,1310,1319,1327-1329,1400-1402,1415,1441,1519,1611-1616,1639-1642,1662-1664,1668-1670,1674,1678,1733,1776,1779,1904,1937,1942,1946,1951,1955,1964,1990-1991,1995,2025,2052,2060,2065,2127,2132,2185-2186,2247,2258-2259,2265-2266,2270-2271,2286,2291,2302,2307,2312,2328,2336,2367,2384,2389,2393,2397,2405,2409,2425,2428-2429,2432-2433,2482,2490,2499,2503,2539,2543,2547,2559-2560,2566,2623,2645,2723,2732,2744,2748,2755,2764,2768,2772,2776,2784,2812,2821-2822,2865,2877,2886,2962,2966,2994,2998,3002,3007,3069-3070,3086,3102,3106,3110,3135,3163,3196,3232,3245,3249,3302,3348,3356,3360,3364,3381,3406,3414,3434,3498,3523,3592,3633,3655,3675,3700,3704,3708,3712,3742,3817,3834,3839,3881,3903,3920,3952,3954,3958,3960,3964,3966,3970,3972,3976,3978,3982,3984,4020,4032,4042,4050-4051,4067,4082,4234,4244,4248,4252,4256,4260,4264,4268,4272,4276,4280-4281,4293-4294,4298,4331,4333,4339,4343,4397-4398,4403,4473,4475,4495,4499,4610-4611,4625,4633,4641-4642,4650,4666,4686,4699,4702-4703,4706,4761,4781,4789,4793,4797,4801,4817,4847,4852-4853,4878-4879,4921,4926,5018-5021,5121,5123,5126,5129,5163,5180,5193,5205,5248,5258,5266-5267,5319,5371,5423,5448,5452,5456,5460,5472,5476,5480,5490,5532,5566-5568,5593,5705,5709,5713,5718,5727-5728,5736,5829,5916,5940,5962,5970,5981,6056,6060,6090-6091,6126-6128,6174,6196,6205,6210,6222,6226,6259,6271,6312,6317-6318,6456,6459,6541,6570,6642,6678,6812-6813,6817-6818,6827,6857,6909,6913,6925,6961,6965,7003,7012,7039,7044,7154,7338,7357,7361-7368,7396,7404,7408-7409,7428,7445-7446,7453,7462,7478-7479,7500-7509,7538,7542,7571,7579,7583,7597,7603,7607,7615,7627,7640,7652,7764,7788,7801,7814,7838,7863,7871,7928,8013,8037,8047-8048,8052,8057-8058,8062,8066,8070,8111,8128,8136-8137,8176,8195,8258,8299-8301,8314,8394,8403,8452,8476,8489,8532,8536,8600-8601,8613,8617,8621,8625,8630,8670,8708,8712,8720,8728,8736,8783,8831
packages/admin/src/locales/de/messages.po
  s_624d811dcaeb04::t_1a225d3de1baf1 76,92,119,124,149-150,160,190,195,207-208,228,274,285,291,297,412,416,516,572,604-605,618,624,626,630,646,650,704,712,729,741,745,749,761,765,804,809,817,821,825,847,877,882,886,910,927-928,937,952,967-970,1003,1011,1020-1021,1048,1063,1072,1076,1152,1156,1188,1197,1291-1292,1306,1310,1319,1327-1329,1400-1402,1415,1441,1519,1611-1616,1639-1642,1662-1664,1668-1670,1674,1678,1733,1776,1779,1904,1937,1942,1946,1951,1955,1964,1990-1991,1995,2025,2052,2060,2065,2127,2132,2185-2186,2247,2258-2259,2265-2266,2270-2271,2286,2291,2302,2307,2312,2328,2336,2367,2384,2389,2393,2397,2405,2409,2425,2428-2429,2432-2433,2482,2490,2499,2503,2539,2543,2547,2559-2560,2566,2623,2645,2723,2732,2744,2748,2755,2764,2768,2772,2776,2784,2812,2821-2822,2865,2877,2886,2959,2963,2991,2995,2999,3004,3066-3067,3083,3099,3103,3107,3132,3160,3193,3229,3242,3246,3299,3345,3353,3357,3361,3378,3403,3411,3431,3495,3520,3589,3630,3652,3672,3697,3701,3705,3709,3739,3814,3831,3836,3878,3900,3917,3949,3951,3955,3957,3961,3963,3967,3969,3973,3975,3979,3981,4017,4029,4039,4047-4048,4064,4079,4231,4241,4245,4249,4253,4257,4261,4265,4269,4273,4277-4278,4290-4291,4295,4328,4330,4336,4340,4394-4395,4400,4470,4472,4492,4496,4607-4608,4622,4630,4638-4639,4647,4663,4683,4696,4699-4700,4703,4758,4778,4786,4790,4794,4798,4814,4844,4849-4850,4875-4876,4918,4923,5015-5018,5118,5120,5123,5126,5160,5177,5190,5202,5245,5255,5263-5264,5316,5368,5420,5445,5449,5453,5457,5469,5473,5477,5487,5529,5563-5565,5590,5702,5706,5710,5715,5724-5725,5733,5826,5913,5937,5959,5967,5978,6053,6057,6087-6088,6123-6125,6171,6193,6202,6207,6219,6223,6256,6268,6309,6314-6315,6453,6456,6538,6567,6639,6675,6809-6810,6814-6815,6824,6854,6906,6910,6922,6958,6962,7000,7009,7036,7041,7151,7335,7354,7358-7365,7393,7401,7405-7406,7425,7442-7443,7450,7459,7475-7476,7497-7506,7535,7539,7568,7576,7580,7594,7600,7604,7612,7624,7637,7649,7761,7785,7798,7811,7835,7860,7868,7925,8010,8034,8044-8045,8049,8054-8055,8059,8063,8067,8108,8125,8133-8134,8173,8192,8255,8296-8298,8311,8391,8400,8449,8473,8486,8529,8533,8597-8598,8610,8614,8618,8622,8627,8667,8705,8709,8717,8725,8733,8780,8828
packages/admin/src/locales/en-GB/messages.po
  s_624d811dcaeb04::t_ed154f986dd58e 76,92,119,124,149-150,160,190,195,207-208,228,274,285,291,297,412,416,516,572,604-605,618,624,626,630,646,650,704,712,729,741,745,749,761,765,804,809,817,821,825,847,877,882,886,910,927-928,937,952,967-970,1003,1011,1020-1021,1048,1063,1072,1076,1152,1156,1188,1197,1291-1292,1306,1310,1319,1327-1329,1400-1402,1415,1441,1519,1611-1616,1639-1642,1662-1664,1668-1670,1674,1678,1733,1776,1779,1904,1937,1942,1946,1951,1955,1964,1990-1991,1995,2025,2052,2060,2065,2127,2132,2185-2186,2247,2258-2259,2265-2266,2270-2271,2286,2291,2302,2307,2312,2328,2336,2367,2384,2389,2393,2397,2405,2409,2425,2428-2429,2432-2433,2482,2490,2499,2503,2539,2543,2547,2559-2560,2566,2623,2645,2723,2732,2744,2748,2755,2764,2768,2772,2776,2784,2812,2821-2822,2865,2877,2886,2962,2966,2994,2998,3002,3007,3069-3070,3086,3102,3106,3110,3135,3163,3196,3232,3245,3249,3302,3348,3356,3360,3364,3381,3406,3414,3434,3498,3523,3592,3633,3655,3675,3700,3704,3708,3712,3742,3817,3834,3839,3881,3903,3920,3952,3954,3958,3960,3964,3966,3970,3972,3976,3978,3982,3984,4020,4032,4042,4050-4051,4067,4082,4234,4244,4248,4252,4256,4260,4264,4268,4272,4276,4280-4281,4293-4294,4298,4331,4333,4339,4343,4397-4398,4403,4473,4475,4495,4499,4610-4611,4625,4633,4641-4642,4650,4666,4686,4699,4702-4703,4706,4761,4781,4789,4793,4797,4801,4817,4847,4852-4853,4878-4879,4921,4926,5018-5021,5121,5123,5126,5129,5163,5180,5193,5205,5248,5258,5266-5267,5319,5371,5423,5448,5452,5456,5460,5472,5476,5480,5490,5532,5566-5568,5593,5705,5709,5713,5718,5727-5728,5736,5829,5916,5940,5962,5970,5981,6056,6060,6090-6091,6126-6128,6174,6196,6205,6210,6222,6226,6259,6271,6312,6317-6318,6456,6459,6541,6570,6642,6678,6812-6813,6817-6818,6827,6857,6909,6913,6925,6961,6965,7003,7012,7039,7044,7154,7338,7357,7361-7368,7396,7404,7408-7409,7428,7445-7446,7453,7462,7478-7479,7500-7509,7538,7542,7571,7579,7583,7597,7603,7607,7615,7627,7640,7652,7764,7788,7801,7814,7838,7863,7871,7928,8013,8037,8047-8048,8052,8057-8058,8062,8066,8070,8111,8128,8136-8137,8176,8195,8258,8299-8301,8314,8394,8403,8452,8476,8489,8532,8536,8600-8601,8613,8617,8621,8625,8630,8670,8708,8712,8720,8728,8736,8783,8831
packages/admin/src/locales/en/messages.po
  s_624d811dcaeb04::t_536196974feb5e 76,92,119,124,149-150,160,190,195,207-208,228,274,285,291,297,412,416,516,572,604-605,618,624,626,630,646,650,704,712,729,741,745,749,761,765,804,809,817,821,825,847,877,882,886,910,927-928,937,952,967-970,1003,1011,1020-1021,1048,1063,1072,1076,1152,1156,1188,1197,1291-1292,1306,1310,1319,1327-1329,1400-1402,1415,1441,1519,1611-1616,1639-1642,1662-1664,1668-1670,1674,1678,1733,1776,1779,1904,1937,1942,1946,1951,1955,1964,1990-1991,1995,2025,2052,2060,2065,2127,2132,2185-2186,2247,2258-2259,2265-2266,2270-2271,2286,2291,2302,2307,2312,2328,2336,2367,2384,2389,2393,2397,2405,2409,2425,2428-2429,2432-2433,2482,2490,2499,2503,2539,2543,2547,2559-2560,2566,2623,2645,2723,2732,2744,2748,2755,2764,2768,2772,2776,2784,2812,2821-2822,2865,2877,2886,2962,2966,2994,2998,3002,3007,3069-3070,3086,3102,3106,3110,3135,3163,3196,3232,3245,3249,3302,3348,3356,3360,3364,3381,3406,3414,3434,3498,3523,3592,3633,3655,3675,3700,3704,3708,3712,3742,3817,3834,3839,3881,3903,3920,3952,3954,3958,3960,3964,3966,3970,3972,3976,3978,3982,3984,4020,4032,4042,4050-4051,4067,4082,4234,4244,4248,4252,4256,4260,4264,4268,4272,4276,4280-4281,4293-4294,4298,4331,4333,4339,4343,4397-4398,4403,4473,4475,4495,4499,4610-4611,4625,4633,4641-4642,4650,4666,4686,4699,4702-4703,4706,4761,4781,4789,4793,4797,4801,4817,4847,4852-4853,4878-4879,4921,4926,5018-5021,5121,5123,5126,5129,5163,5180,5193,5205,5248,5258,5266-5267,5319,5371,5423,5448,5452,5456,5460,5472,5476,5480,5490,5532,5566-5568,5593,5705,5709,5713,5718,5727-5728,5736,5829,5916,5940,5962,5970,5981,6056,6060,6090-6091,6126-6128,6174,6196,6205,6210,6222,6226,6259,6271,6312,6317-6318,6456,6459,6541,6570,6642,6678,6812-6813,6817-6818,6827,6857,6909,6913,6925,6961,6965,7003,7012,7039,7044,7154,7338,7357,7361-7368,7396,7404,7408-7409,7428,7445-7446,7453,7462,7478-7479,7500-7509,7538,7542,7571,7579,7583,7597,7603,7607,7615,7627,7640,7652,7764,7788,7801,7814,7838,7863,7871,7928,8013,8037,8047-8048,8052,8057-8058,8062,8066,8070,8111,8128,8136-8137,8176,8195,8258,8299-8301,8314,8394,8403,8452,8476,8489,8532,8536,8600-8601,8613,8617,8621,8625,8630,8670,8708,8712,8720,8728,8736,8783,8831
packages/admin/src/locales/es-419/messages.po
  s_624d811dcaeb04::t_ce8d84d42f61eb 76,92,119,124,149-150,160,190,195,207-208,228,274,285,291,297,412,416,516,572,604-605,618,624,626,630,646,650,704,712,729,741,745,749,761,765,804,809,817,821,825,847,877,882,886,910,927-928,937,952,967-970,1003,1011,1020-1021,1048,1063,1072,1076,1152,1156,1188,1197,1291-1292,1306,1310,1319,1327-1329,1400-1402,1415,1441,1519,1611-1616,1639-1642,1662-1664,1668-1670,1674,1678,1733,1776,1779,1904,1937,1942,1946,1951,1955,1964,1990-1991,1995,2025,2052,2060,2065,2127,2132,2185-2186,2247,2258-2259,2265-2266,2270-2271,2286,2291,2302,2307,2312,2328,2336,2367,2384,2389,2393,2397,2405,2409,2425,2428-2429,2432-2433,2482,2490,2499,2503,2539,2543,2547,2559-2560,2566,2623,2645,2723,2732,2744,2748,2755,2764,2768,2772,2776,2784,2812,2821-2822,2865,2877,2886,2962,2966,2994,2998,3002,3007,3069-3070,3086,3102,3106,3110,3135,3163,3196,3232,3245,3249,3302,3348,3356,3360,3364,3381,3406,3414,3434,3498,3523,3592,3633,3655,3675,3700,3704,3708,3712,3742,3817,3834,3839,3881,3903,3920,3952,3954,3958,3960,3964,3966,3970,3972,3976,3978,3982,3984,4020,4032,4042,4050-4051,4067,4082,4234,4244,4248,4252,4256,4260,4264,4268,4272,4276,4280-4281,4293-4294,4298,4331,4333,4339,4343,4397-4398,4403,4473,4475,4495,4499,4610-4611,4625,4633,4641-4642,4650,4666,4686,4699,4702-4703,4706,4761,4781,4789,4793,4797,4801,4817,4847,4852-4853,4878-4879,4921,4926,5018-5021,5121,5123,5126,5129,5163,5180,5193,5205,5248,5258,5266-5267,5319,5371,5423,5448,5452,5456,5460,5472,5476,5480,5490,5532,5566-5568,5593,5705,5709,5713,5718,5727-5728,5736,5829,5916,5940,5962,5970,5981,6056,6060,6090-6091,6126-6128,6174,6196,6205,6210,6222,6226,6259,6271,6312,6317-6318,6456,6459,6541,6570,6642,6678,6812-6813,6817-6818,6827,6857,6909,6913,6925,6961,6965,7003,7012,7039,7044,7154,7338,7357,7361-7368,7396,7404,7408-7409,7428,7445-7446,7453,7462,7478-7479,7500-7509,7538,7542,7571,7579,7583,7597,7603,7607,7615,7627,7640,7652,7764,7788,7801,7814,7838,7863,7871,7928,8013,8037,8047-8048,8052,8057-8058,8062,8066,8070,8111,8128,8136-8137,8176,8195,8258,8299-8301,8314,8394,8403,8452,8476,8489,8532,8536,8600-8601,8613,8617,8621,8625,8630,8670,8708,8712,8720,8728,8736,8783,8831
packages/admin/src/locales/es-ES/messages.po
  s_624d811dcaeb04::t_b2bfe56289173c 76,92,119,124,149-150,160,190,195,207-208,228,274,285,291,297,412,416,516,572,604-605,618,624,626,630,646,650,704,712,729,741,745,749,761,765,804,809,817,821,825,847,877,882,886,910,927-928,937,952,967-970,1003,1011,1020-1021,1048,1063,1072,1076,1152,1156,1188,1197,1291-1292,1306,1310,1319,1327-1329,1400-1402,1415,1441,1519,1611-1616,1639-1642,1662-1664,1668-1670,1674,1678,1733,1776,1779,1904,1937,1942,1946,1951,1955,1964,1990-1991,1995,2025,2052,2060,2065,2127,2132,2185-2186,2247,2258-2259,2265-2266,2270-2271,2286,2291,2302,2307,2312,2328,2336,2367,2384,2389,2393,2397,2405,2409,2425,2428-2429,2432-2433,2482,2490,2499,2503,2539,2543,2547,2559-2560,2566,2623,2645,2723,2732,2744,2748,2755,2764,2768,2772,2776,2784,2812,2821-2822,2865,2877,2886,2959,2963,2991,2995,2999,3004,3066-3067,3083,3099,3103,3107,3132,3160,3193,3229,3242,3246,3299,3345,3353,3357,3361,3378,3403,3411,3431,3495,3520,3589,3630,3652,3672,3697,3701,3705,3709,3739,3814,3831,3836,3878,3900,3917,3949,3951,3955,3957,3961,3963,3967,3969,3973,3975,3979,3981,4017,4029,4039,4047-4048,4064,4079,4231,4241,4245,4249,4253,4257,4261,4265,4269,4273,4277-4278,4290-4291,4295,4328,4330,4336,4340,4394-4395,4400,4470,4472,4492,4496,4607-4608,4622,4630,4638-4639,4647,4663,4683,4696,4699-4700,4703,4758,4778,4786,4790,4794,4798,4814,4844,4849-4850,4875-4876,4918,4923,5015-5018,5118,5120,5123,5126,5160,5177,5190,5202,5245,5255,5263-5264,5316,5368,5420,5445,5449,5453,5457,5469,5473,5477,5487,5529,5563-5565,5590,5702,5706,5710,5715,5724-5725,5733,5826,5913,5937,5959,5967,5978,6053,6057,6087-6088,6123-6125,6171,6193,6202,6207,6219,6223,6256,6268,6309,6314-6315,6453,6456,6538,6567,6639,6675,6809-6810,6814-6815,6824,6854,6906,6910,6922,6958,6962,7000,7009,7036,7041,7151,7335,7354,7358-7365,7393,7401,7405-7406,7425,7442-7443,7450,7459,7475-7476,7497-7506,7535,7539,7568,7576,7580,7594,7600,7604,7612,7624,7637,7649,7761,7785,7798,7811,7835,7860,7868,7925,8010,8034,8044-8045,8049,8054-8055,8059,8063,8067,8108,8125,8133-8134,8173,8192,8255,8296-8298,8311,8391,8400,8449,8473,8486,8529,8533,8597-8598,8610,8614,8618,8622,8627,8667,8705,8709,8717,8725,8733,8780,8828
packages/admin/src/locales/eu/messages.po
  s_624d811dcaeb04::t_8a698227a47d00 76,92,119,124,149-150,160,190,195,207-208,228,274,285,291,297,412,416,516,572,604-605,618,624,626,630,646,650,704,712,729,741,745,749,761,765,804,809,817,821,825,847,877,882,886,910,927-928,937,952,967-970,1003,1011,1020-1021,1048,1063,1072,1076,1152,1156,1188,1197,1291-1292,1306,1310,1319,1327-1329,1400-1402,1415,1441,1519,1611-1616,1639-1642,1662-1664,1668-1670,1674,1678,1733,1776,1779,1904,1937,1942,1946,1951,1955,1964,1990-1991,1995,2025,2052,2060,2065,2127,2132,2185-2186,2247,2258-2259,2265-2266,2270-2271,2286,2291,2302,2307,2312,2328,2336,2367,2384,2389,2393,2397,2405,2409,2425,2428-2429,2432-2433,2482,2490,2499,2503,2539,2543,2547,2559-2560,2566,2623,2645,2723,2732,2744,2748,2755,2764,2768,2772,2776,2784,2812,2821-2822,2865,2877,2886,2959,2963,2991,2995,2999,3004,3066-3067,3083,3099,3103,3107,3132,3160,3193,3229,3242,3246,3299,3345,3353,3357,3361,3378,3403,3411,3431,3495,3520,3589,3630,3652,3672,3697,3701,3705,3709,3739,3814,3831,3836,3878,3900,3917,3949,3951,3955,3957,3961,3963,3967,3969,3973,3975,3979,3981,4017,4029,4039,4047-4048,4064,4079,4231,4241,4245,4249,4253,4257,4261,4265,4269,4273,4277-4278,4290-4291,4295,4328,4330,4336,4340,4394-4395,4400,4470,4472,4492,4496,4607-4608,4622,4630,4638-4639,4647,4663,4683,4696,4699-4700,4703,4758,4778,4786,4790,4794,4798,4814,4844,4849-4850,4875-4876,4918,4923,5015-5018,5118,5120,5123,5126,5160,5177,5190,5202,5245,5255,5263-5264,5316,5368,5420,5445,5449,5453,5457,5469,5473,5477,5487,5529,5563-5565,5590,5699,5703,5707,5712,5721-5722,5730,5823,5910,5934,5956,5964,5975,6050,6054,6084-6085,6120-6122,6168,6190,6199,6204,6216,6220,6253,6265,6306,6311-6312,6450,6453,6535,6564,6636,6672,6806-6807,6811-6812,6821,6851,6903,6907,6919,6955,6959,6997,7006,7033,7038,7148,7332,7351,7355-7362,7390,7398,7402-7403,7422,7439-7440,7447,7456,7472-7473,7494-7503,7532,7536,7565,7573,7577,7591,7597,7601,7609,7621,7634,7646,7758,7782,7795,7808,7832,7857,7865,7922,8007,8031,8041-8042,8046,8051-8052,8056,8060,8064,8105,8122,8130-8131,8170,8189,8252,8293-8295,8308,8388,8397,8446,8470,8483,8526,8530,8594-8595,8607,8611,8615,8619,8624,8664,8702,8706,8714,8722,8730,8777,8825
packages/admin/src/locales/fa/messages.po
  s_624d811dcaeb04::t_553a11919e7139 78,94,121,126,151-152,162,192,197,209-210,230,276,287,293,299,414,418,518,574,606-607,620,626,628,632,648,652,706,714,731,743,747,751,763,767,806,811,819,823,827,849,879,884,888,912,929-930,939,954,969-972,1005,1013,1022-1023,1050,1065,1074,1078,1154,1158,1190,1199,1293-1294,1308,1312,1321,1329-1331,1402-1404,1417,1443,1521,1613-1618,1641-1644,1664-1666,1670-1672,1676,1680,1735,1778,1781,1906,1939,1944,1948,1953,1957,1966,1992-1993,1997,2027,2054,2062,2067,2129,2134,2187-2188,2249,2260-2261,2267-2268,2272-2273,2288,2293,2304,2309,2314,2330,2338,2369,2386,2391,2395,2399,2407,2411,2427,2430-2431,2434-2435,2484,2492,2501,2505,2541,2545,2549,2561-2562,2568,2625,2647,2725,2734,2746,2750,2757,2766,2770,2774,2778,2786,2814,2823-2824,2867,2879,2888,2961,2965,2993,2997,3001,3006,3068-3069,3085,3101,3105,3109,3134,3162,3195,3231,3244,3248,3301,3347,3355,3359,3363,3380,3405,3413,3433,3497,3522,3591,3632,3654,3674,3699,3703,3707,3711,3741,3816,3833,3838,3880,3902,3919,3951,3953,3957,3959,3963,3965,3969,3971,3975,3977,3981,3983,4019,4031,4041,4049-4050,4066,4081,4233,4243,4247,4251,4255,4259,4263,4267,4271,4275,4279-4280,4292-4293,4297,4330,4332,4338,4342,4396-4397,4402,4472,4474,4494,4498,4609-4610,4624,4632,4640-4641,4649,4665,4685,4698,4701-4702,4705,4760,4780,4788,4792,4796,4800,4816,4846,4851-4852,4877-4878,4920,4925,5017-5020,5120,5122,5125,5128,5162,5179,5192,5204,5247,5257,5265-5266,5318,5370,5422,5447,5451,5455,5459,5471,5475,5479,5489,5531,5565-5567,5592,5701,5705,5709,5714,5723-5724,5732,5825,5912,5936,5958,5966,5977,6052,6056,6086-6087,6122-6124,6170,6192,6201,6206,6218,6222,6255,6267,6308,6313-6314,6452,6455,6537,6566,6638,6674,6808-6809,6813-6814,6823,6853,6905,6909,6921,6957,6961,6999,7008,7035,7040,7150,7334,7353,7357-7364,7392,7400,7404-7405,7424,7441-7442,7449,7458,7474-7475,7496-7505,7534,7538,7567,7575,7579,7593,7599,7603,7611,7623,7636,7648,7760,7784,7797,7810,7834,7859,7867,7924,8009,8033,8043-8044,8048,8053-8054,8058,8062,8066,8107,8124,8132-8133,8172,8191,8254,8295-8297,8310,8390,8399,8448,8472,8485,8528,8532,8596-8597,8609,8613,8617,8621,8626,8666,8704,8708,8716,8724,8732,8779,8827
packages/admin/src/locales/fr/messages.po
  s_624d811dcaeb04::t_8eb1bacd909753 76,92,119,124,149-150,160,190,195,207-208,228,274,285,291,297,412,416,516,572,604-605,618,624,626,630,646,650,704,712,729,741,745,749,761,765,804,809,817,821,825,847,877,882,886,910,927-928,937,952,967-970,1003,1011,1020-1021,1048,1063,1072,1076,1152,1156,1188,1197,1291-1292,1306,1310,1319,1327-1329,1400-1402,1415,1441,1519,1611-1616,1639-1642,1662-1664,1668-1670,1674,1678,1733,1776,1779,1904,1937,1942,1946,1951,1955,1964,1990-1991,1995,2025,2052,2060,2065,2127,2132,2185-2186,2247,2258-2259,2265-2266,2270-2271,2286,2291,2302,2307,2312,2328,2336,2367,2384,2389,2393,2397,2405,2409,2425,2428-2429,2432-2433,2482,2490,2499,2503,2539,2543,2547,2559-2560,2566,2623,2645,2723,2732,2744,2748,2755,2764,2768,2772,2776,2784,2812,2821-2822,2865,2877,2886,2962,2966,2994,2998,3002,3007,3069-3070,3086,3102,3106,3110,3135,3163,3196,3232,3245,3249,3302,3348,3356,3360,3364,3381,3406,3414,3434,3498,3523,3592,3633,3655,3675,3700,3704,3708,3712,3742,3817,3834,3839,3881,3903,3920,3952,3954,3958,3960,3964,3966,3970,3972,3976,3978,3982,3984,4020,4032,4042,4050-4051,4067,4082,4234,4244,4248,4252,4256,4260,4264,4268,4272,4276,4280-4281,4293-4294,4298,4331,4333,4339,4343,4397-4398,4403,4473,4475,4495,4499,4610-4611,4625,4633,4641-4642,4650,4666,4686,4699,4702-4703,4706,4761,4781,4789,4793,4797,4801,4817,4847,4852-4853,4878-4879,4921,4926,5018-5021,5121,5123,5126,5129,5163,5180,5193,5205,5248,5258,5266-5267,5319,5371,5423,5448,5452,5456,5460,5472,5476,5480,5490,5532,5566-5568,5593,5705,5709,5713,5718,5727-5728,5736,5829,5916,5940,5962,5970,5981,6056,6060,6090-6091,6126-6128,6174,6196,6205,6210,6222,6226,6259,6271,6312,6317-6318,6456,6459,6541,6570,6642,6678,6812-6813,6817-6818,6827,6857,6909,6913,6925,6961,6965,7003,7012,7039,7044,7154,7338,7357,7361-7368,7396,7404,7408-7409,7428,7445-7446,7453,7462,7478-7479,7500-7509,7538,7542,7571,7579,7583,7597,7603,7607,7615,7627,7640,7652,7764,7788,7801,7814,7838,7863,7871,7928,8013,8037,8047-8048,8052,8057-8058,8062,8066,8070,8111,8128,8136-8137,8176,8195,8258,8299-8301,8314,8394,8403,8452,8476,8489,8532,8536,8600-8601,8613,8617,8621,8625,8630,8670,8708,8712,8720,8728,8736,8783,8831
packages/admin/src/locales/hu/messages.po
  s_624d811dcaeb04::t_b7e6237e34f697 76,92,119,124,149-150,160,190,195,207-208,228,274,285,291,297,412,416,516,572,604-605,618,624,626,630,646,650,704,712,729,741,745,749,761,765,804,809,817,821,825,847,877,882,886,910,927-928,937,952,967-970,1003,1011,1020-1021,1048,1063,1072,1076,1152,1156,1188,1197,1291-1292,1306,1310,1319,1327-1329,1400-1402,1415,1441,1519,1611-1616,1639-1642,1662-1664,1668-1670,1674,1678,1733,1776,1779,1904,1937,1942,1946,1951,1955,1964,1990-1991,1995,2025,2052,2060,2065,2127,2132,2185-2186,2247,2258-2259,2265-2266,2270-2271,2286,2291,2302,2307,2312,2328,2336,2367,2384,2389,2393,2397,2405,2409,2425,2428-2429,2432-2433,2482,2490,2499,2503,2539,2543,2547,2559-2560,2566,2623,2645,2723,2732,2744,2748,2755,2764,2768,2772,2776,2784,2812,2821-2822,2865,2877,2886,2962,2966,2994,2998,3002,3007,3069-3070,3086,3102,3106,3110,3135,3163,3196,3232,3245,3249,3302,3348,3356,3360,3364,3381,3406,3414,3434,3498,3523,3592,3633,3655,3675,3700,3704,3708,3712,3742,3817,3834,3839,3881,3903,3920,3952,3954,3958,3960,3964,3966,3970,3972,3976,3978,3982,3984,4020,4032,4042,4050-4051,4067,4082,4234,4244,4248,4252,4256,4260,4264,4268,4272,4276,4280-4281,4293-4294,4298,4331,4333,4339,4343,4397-4398,4403,4473,4475,4495,4499,4610-4611,4625,4633,4641-4642,4650,4666,4686,4699,4702-4703,4706,4761,4781,4789,4793,4797,4801,4817,4847,4852-4853,4878-4879,4921,4926,5018-5021,5121,5123,5126,5129,5163,5180,5193,5205,5248,5258,5266-5267,5319,5371,5423,5448,5452,5456,5460,5472,5476,5480,5490,5532,5566-5568,5593,5705,5709,5713,5718,5727-5728,5736,5829,5916,5940,5962,5970,5981,6056,6060,6090-6091,6126-6128,6174,6196,6205,6210,6222,6226,6259,6271,6312,6317-6318,6456,6459,6541,6570,6642,6678,6812-6813,6817-6818,6827,6857,6909,6913,6925,6961,6965,7003,7012,7039,7044,7154,7338,7357,7361-7368,7396,7404,7408-7409,7428,7445-7446,7453,7462,7478-7479,7500-7509,7538,7542,7571,7579,7583,7597,7603,7607,7615,7627,7640,7652,7764,7788,7801,7814,7838,7863,7871,7928,8013,8037,8047-8048,8052,8057-8058,8062,8066,8070,8111,8128,8136-8137,8176,8195,8258,8299-8301,8314,8394,8403,8452,8476,8489,8532,8536,8600-8601,8613,8617,8621,8625,8630,8670,8708,8712,8720,8728,8736,8783,8831
packages/admin/src/locales/id/messages.po
  s_624d811dcaeb04::t_bc9d4c89fe4206 76,92,119,124,149-150,160,190,195,207-208,228,274,285,291,297,412,416,516,572,604-605,618,624,626,630,646,650,704,712,729,741,745,749,761,765,804,809,817,821,825,847,877,882,886,910,927-928,937,952,967-970,1003,1011,1020-1021,1048,1063,1072,1076,1152,1156,1188,1197,1291-1292,1306,1310,1319,1327-1329,1400-1402,1415,1441,1519,1611-1616,1639-1642,1662-1664,1668-1670,1674,1678,1733,1776,1779,1904,1937,1942,1946,1951,1955,1964,1990-1991,1995,2025,2052,2060,2065,2127,2132,2185-2186,2247,2258-2259,2265-2266,2270-2271,2286,2291,2302,2307,2312,2328,2336,2367,2384,2389,2393,2397,2405,2409,2425,2428-2429,2432-2433,2482,2490,2499,2503,2539,2543,2547,2559-2560,2566,2623,2645,2723,2732,2744,2748,2755,2764,2768,2772,2776,2784,2812,2821-2822,2865,2877,2886,2962,2966,2994,2998,3002,3007,3069-3070,3086,3102,3106,3110,3135,3163,3196,3232,3245,3249,3302,3348,3356,3360,3364,3381,3406,3414,3434,3498,3523,3592,3633,3655,3675,3700,3704,3708,3712,3742,3817,3834,3839,3881,3903,3920,3952,3954,3958,3960,3964,3966,3970,3972,3976,3978,3982,3984,4020,4032,4042,4050-4051,4067,4082,4234,4244,4248,4252,4256,4260,4264,4268,4272,4276,4280-4281,4293-4294,4298,4331,4333,4339,4343,4397-4398,4403,4473,4475,4495,4499,4610-4611,4625,4633,4641-4642,4650,4666,4686,4699,4702-4703,4706,4761,4781,4789,4793,4797,4801,4817,4847,4852-4853,4878-4879,4921,4926,5018-5021,5121,5123,5126,5129,5163,5180,5193,5205,5248,5258,5266-5267,5319,5371,5423,5448,5452,5456,5460,5472,5476,5480,5490,5532,5566-5568,5593,5705,5709,5713,5718,5727-5728,5736,5829,5916,5940,5962,5970,5981,6056,6060,6090-6091,6126-6128,6174,6196,6205,6210,6222,6226,6259,6271,6312,6317-6318,6456,6459,6541,6570,6642,6678,6812-6813,6817-6818,6827,6857,6909,6913,6925,6961,6965,7003,7012,7039,7044,7154,7338,7357,7361-7368,7396,7404,7408-7409,7428,7445-7446,7453,7462,7478-7479,7500-7509,7538,7542,7571,7579,7583,7597,7603,7607,7615,7627,7640,7652,7764,7788,7801,7814,7838,7863,7871,7928,8013,8037,8047-8048,8052,8057-8058,8062,8066,8070,8111,8128,8136-8137,8176,8195,8258,8299-8301,8314,8394,8403,8452,8476,8489,8532,8536,8600-8601,8613,8617,8621,8625,8630,8670,8708,8712,8720,8728,8736,8783,8831
packages/admin/src/locales/ja/messages.po
  s_624d811dcaeb04::t_1f7d3d1fc8e3a3 76,92,119,124,149-150,160,190,195,207-208,228,274,285,291,297,412,416,516,572,604-605,618,624,626,630,646,650,704,712,729,741,745,749,761,765,804,809,817,821,825,847,877,882,886,910,927-928,937,952,967-970,1003,1011,1020-1021,1048,1063,1072,1076,1152,1156,1188,1197,1291-1292,1306,1310,1319,1327-1329,1400-1402,1415,1441,1519,1611-1616,1639-1642,1662-1664,1668-1670,1674,1678,1733,1776,1779,1904,1937,1942,1946,1951,1955,1964,1990-1991,1995,2025,2052,2060,2065,2127,2132,2185-2186,2247,2258-2259,2265-2266,2270-2271,2286,2291,2302,2307,2312,2328,2336,2367,2384,2389,2393,2397,2405,2409,2425,2428-2429,2432-2433,2482,2490,2499,2503,2539,2543,2547,2559-2560,2566,2623,2645,2723,2732,2744,2748,2755,2764,2768,2772,2776,2784,2812,2821-2822,2865,2877,2886,2959,2963,2991,2995,2999,3004,3066-3067,3083,3099,3103,3107,3132,3160,3193,3229,3242,3246,3299,3345,3353,3357,3361,3378,3403,3411,3431,3495,3520,3589,3630,3652,3672,3697,3701,3705,3709,3739,3814,3831,3836,3878,3900,3917,3949,3951,3955,3957,3961,3963,3967,3969,3973,3975,3979,3981,4017,4029,4039,4047-4048,4064,4079,4231,4241,4245,4249,4253,4257,4261,4265,4269,4273,4277-4278,4290-4291,4295,4328,4330,4336,4340,4394-4395,4400,4470,4472,4492,4496,4607-4608,4622,4630,4638-4639,4647,4663,4683,4696,4699-4700,4703,4758,4778,4786,4790,4794,4798,4814,4844,4849-4850,4875-4876,4918,4923,5015-5018,5118,5120,5123,5126,5160,5177,5190,5202,5245,5255,5263-5264,5316,5368,5420,5445,5449,5453,5457,5469,5473,5477,5487,5529,5563-5565,5590,5699,5703,5707,5712,5721-5722,5730,5823,5910,5934,5956,5964,5975,6050,6054,6084-6085,6120-6122,6168,6190,6199,6204,6216,6220,6253,6265,6306,6311-6312,6450,6453,6535,6564,6636,6672,6806-6807,6811-6812,6821,6851,6903,6907,6919,6955,6959,6997,7006,7033,7038,7148,7332,7351,7355-7362,7390,7398,7402-7403,7422,7439-7440,7447,7456,7472-7473,7494-7503,7532,7536,7565,7573,7577,7591,7597,7601,7609,7621,7634,7646,7758,7782,7795,7808,7832,7857,7865,7922,8007,8031,8041-8042,8046,8051-8052,8056,8060,8064,8105,8122,8130-8131,8170,8189,8252,8293-8295,8308,8388,8397,8446,8470,8483,8526,8530,8594-8595,8607,8611,8615,8619,8624,8664,8702,8706,8714,8722,8730,8777,8825
packages/admin/src/locales/ko/messages.po
  s_624d811dcaeb04::t_3355a95f608b30 76,92,119,124,149-150,160,190,195,207-208,228,274,285,291,297,412,416,516,572,604-605,618,624,626,630,646,650,704,712,729,741,745,749,761,765,804,809,817,821,825,847,877,882,886,910,927-928,937,952,967-970,1003,1011,1020-1021,1048,1063,1072,1076,1152,1156,1188,1197,1291-1292,1306,1310,1319,1327-1329,1400-1402,1415,1441,1519,1611-1616,1639-1642,1662-1664,1668-1670,1674,1678,1733,1776,1779,1904,1937,1942,1946,1951,1955,1964,1990-1991,1995,2025,2052,2060,2065,2127,2132,2185-2186,2247,2258-2259,2265-2266,2270-2271,2286,2291,2302,2307,2312,2328,2336,2367,2384,2389,2393,2397,2405,2409,2425,2428-2429,2432-2433,2482,2490,2499,2503,2539,2543,2547,2559-2560,2566,2623,2645,2723,2732,2744,2748,2755,2764,2768,2772,2776,2784,2812,2821-2822,2865,2877,2886,2959,2963,2991,2995,2999,3004,3066-3067,3083,3099,3103,3107,3132,3160,3193,3229,3242,3246,3299,3345,3353,3357,3361,3378,3403,3411,3431,3495,3520,3589,3630,3652,3672,3697,3701,3705,3709,3739,3814,3831,3836,3878,3900,3917,3949,3951,3955,3957,3961,3963,3967,3969,3973,3975,3979,3981,4017,4029,4039,4047-4048,4064,4079,4231,4241,4245,4249,4253,4257,4261,4265,4269,4273,4277-4278,4290-4291,4295,4328,4330,4336,4340,4394-4395,4400,4470,4472,4492,4496,4607-4608,4622,4630,4638-4639,4647,4663,4683,4696,4699-4700,4703,4758,4778,4786,4790,4794,4798,4814,4844,4849-4850,4875-4876,4918,4923,5015-5018,5118,5120,5123,5126,5160,5177,5190,5202,5245,5255,5263-5264,5316,5368,5420,5445,5449,5453,5457,5469,5473,5477,5487,5529,5563-5565,5590,5699,5703,5707,5712,5721-5722,5730,5823,5910,5934,5956,5964,5975,6050,6054,6084-6085,6120-6122,6168,6190,6199,6204,6216,6220,6253,6265,6306,6311-6312,6450,6453,6535,6564,6636,6672,6806-6807,6811-6812,6821,6851,6903,6907,6919,6955,6959,6997,7006,7033,7038,7148,7332,7351,7355-7362,7390,7398,7402-7403,7422,7439-7440,7447,7456,7472-7473,7494-7503,7532,7536,7565,7573,7577,7591,7597,7601,7609,7621,7634,7646,7758,7782,7795,7808,7832,7857,7865,7922,8007,8031,8041-8042,8046,8051-8052,8056,8060,8064,8105,8122,8130-8131,8170,8189,8252,8293-8295,8308,8388,8397,8446,8470,8483,8526,8530,8594-8595,8607,8611,8615,8619,8624,8664,8702,8706,8714,8722,8730,8777,8825
packages/admin/src/locales/nb/messages.po
  s_624d811dcaeb04::t_ef2ef52cdbe33c 76,92,119,124,149-150,160,190,195,207-208,228,274,285,291,297,412,416,516,572,604-605,618,624,626,630,646,650,704,712,729,741,745,749,761,765,804,809,817,821,825,847,877,882,886,910,927-928,937,952,967-970,1003,1011,1020-1021,1048,1063,1072,1076,1152,1156,1188,1197,1291-1292,1306,1310,1319,1327-1329,1400-1402,1415,1441,1519,1611-1616,1639-1642,1662-1664,1668-1670,1674,1678,1733,1776,1779,1904,1937,1942,1946,1951,1955,1964,1990-1991,1995,2025,2052,2060,2065,2127,2132,2185-2186,2247,2258-2259,2265-2266,2270-2271,2286,2291,2302,2307,2312,2328,2336,2367,2384,2389,2393,2397,2405,2409,2425,2428-2429,2432-2433,2482,2490,2499,2503,2539,2543,2547,2559-2560,2566,2623,2645,2723,2732,2744,2748,2755,2764,2768,2772,2776,2784,2812,2821-2822,2865,2877,2886,2962,2966,2994,2998,3002,3007,3069-3070,3086,3102,3106,3110,3135,3163,3196,3232,3245,3249,3302,3348,3356,3360,3364,3381,3406,3414,3434,3498,3523,3592,3633,3655,3675,3700,3704,3708,3712,3742,3817,3834,3839,3881,3903,3920,3952,3954,3958,3960,3964,3966,3970,3972,3976,3978,3982,3984,4020,4032,4042,4050-4051,4067,4082,4234,4244,4248,4252,4256,4260,4264,4268,4272,4276,4280-4281,4293-4294,4298,4331,4333,4339,4343,4397-4398,4403,4473,4475,4495,4499,4610-4611,4625,4633,4641-4642,4650,4666,4686,4699,4702-4703,4706,4761,4781,4789,4793,4797,4801,4817,4847,4852-4853,4878-4879,4921,4926,5018-5021,5121,5123,5126,5129,5163,5180,5193,5205,5248,5258,5266-5267,5319,5371,5423,5448,5452,5456,5460,5472,5476,5480,5490,5532,5566-5568,5593,5705,5709,5713,5718,5727-5728,5736,5829,5916,5940,5962,5970,5981,6056,6060,6090-6091,6126-6128,6174,6196,6205,6210,6222,6226,6259,6271,6312,6317-6318,6456,6459,6541,6570,6642,6678,6812-6813,6817-6818,6827,6857,6909,6913,6925,6961,6965,7003,7012,7039,7044,7154,7338,7357,7361-7368,7396,7404,7408-7409,7428,7445-7446,7453,7462,7478-7479,7500-7509,7538,7542,7571,7579,7583,7597,7603,7607,7615,7627,7640,7652,7764,7788,7801,7814,7838,7863,7871,7928,8013,8037,8047-8048,8052,8057-8058,8062,8066,8070,8111,8128,8136-8137,8176,8195,8258,8299-8301,8314,8394,8403,8452,8476,8489,8532,8536,8600-8601,8613,8617,8621,8625,8630,8670,8708,8712,8720,8728,8736,8783,8831
packages/admin/src/locales/nl/messages.po
  s_624d811dcaeb04::t_e33a42aa778b3a 76,92,119,124,149-150,160,190,195,207-208,228,274,285,291,297,412,416,516,572,604-605,618,624,626,630,646,650,704,712,729,741,745,749,761,765,804,809,817,821,825,847,877,882,886,910,927-928,937,952,967-970,1003,1011,1020-1021,1048,1063,1072,1076,1152,1156,1188,1197,1291-1292,1306,1310,1319,1327-1329,1400-1402,1415,1441,1519,1611-1616,1639-1642,1662-1664,1668-1670,1674,1678,1733,1776,1779,1904,1937,1942,1946,1951,1955,1964,1990-1991,1995,2025,2052,2060,2065,2127,2132,2185-2186,2247,2258-2259,2265-2266,2270-2271,2286,2291,2302,2307,2312,2328,2336,2367,2384,2389,2393,2397,2405,2409,2425,2428-2429,2432-2433,2482,2490,2499,2503,2539,2543,2547,2559-2560,2566,2623,2645,2723,2732,2744,2748,2755,2764,2768,2772,2776,2784,2812,2821-2822,2865,2877,2886,2962,2966,2994,2998,3002,3007,3069-3070,3086,3102,3106,3110,3135,3163,3196,3232,3245,3249,3302,3348,3356,3360,3364,3381,3406,3414,3434,3498,3523,3592,3633,3655,3675,3700,3704,3708,3712,3742,3817,3834,3839,3881,3903,3920,3952,3954,3958,3960,3964,3966,3970,3972,3976,3978,3982,3984,4020,4032,4042,4050-4051,4067,4082,4234,4244,4248,4252,4256,4260,4264,4268,4272,4276,4280-4281,4293-4294,4298,4331,4333,4339,4343,4397-4398,4403,4473,4475,4495,4499,4610-4611,4625,4633,4641-4642,4650,4666,4686,4699,4702-4703,4706,4761,4781,4789,4793,4797,4801,4817,4847,4852-4853,4878-4879,4921,4926,5018-5021,5121,5123,5126,5129,5163,5180,5193,5205,5248,5258,5266-5267,5319,5371,5423,5448,5452,5456,5460,5472,5476,5480,5490,5532,5566-5568,5593,5705,5709,5713,5718,5727-5728,5736,5829,5916,5940,5962,5970,5981,6056,6060,6090-6091,6126-6128,6174,6196,6205,6210,6222,6226,6259,6271,6312,6317-6318,6456,6459,6541,6570,6642,6678,6812-6813,6817-6818,6827,6857,6909,6913,6925,6961,6965,7003,7012,7039,7044,7154,7338,7357,7361-7368,7396,7404,7408-7409,7428,7445-7446,7453,7462,7478-7479,7500-7509,7538,7542,7571,7579,7583,7597,7603,7607,7615,7627,7640,7652,7764,7788,7801,7814,7838,7863,7871,7928,8013,8037,8047-8048,8052,8057-8058,8062,8066,8070,8111,8128,8136-8137,8176,8195,8258,8299-8301,8314,8394,8403,8452,8476,8489,8532,8536,8600-8601,8613,8617,8621,8625,8630,8670,8708,8712,8720,8728,8736,8783,8831
packages/admin/src/locales/pl/messages.po
  s_624d811dcaeb04::t_86a4bc858adeed 76,92,119,124,149-150,160,190,195,207-208,228,274,285,291,297,412,416,516,572,604-605,618,624,626,630,646,650,704,712,729,741,745,749,761,765,804,809,817,821,825,847,877,882,886,910,927-928,937,952,967-970,1003,1011,1020-1021,1048,1063,1072,1076,1152,1156,1188,1197,1291-1292,1306,1310,1319,1327-1329,1400-1402,1415,1441,1519,1611-1616,1639-1642,1662-1664,1668-1670,1674,1678,1733,1776,1779,1904,1937,1942,1946,1951,1955,1964,1990-1991,1995,2025,2052,2060,2065,2127,2132,2185-2186,2247,2258-2259,2265-2266,2270-2271,2286,2291,2302,2307,2312,2328,2336,2367,2384,2389,2393,2397,2405,2409,2425,2428-2429,2432-2433,2482,2490,2499,2503,2539,2543,2547,2559-2560,2566,2623,2645,2723,2732,2744,2748,2755,2764,2768,2772,2776,2784,2812,2821-2822,2865,2877,2886,2959,2963,2991,2995,2999,3004,3066-3067,3083,3099,3103,3107,3132,3160,3193,3229,3242,3246,3299,3345,3353,3357,3361,3378,3403,3411,3431,3495,3520,3589,3630,3652,3672,3697,3701,3705,3709,3739,3814,3831,3836,3878,3900,3917,3949,3951,3955,3957,3961,3963,3967,3969,3973,3975,3979,3981,4017,4029,4039,4047-4048,4064,4079,4231,4241,4245,4249,4253,4257,4261,4265,4269,4273,4277-4278,4290-4291,4295,4328,4330,4336,4340,4394-4395,4400,4470,4472,4492,4496,4607-4608,4622,4630,4638-4639,4647,4663,4683,4696,4699-4700,4703,4758,4778,4786,4790,4794,4798,4814,4844,4849-4850,4875-4876,4918,4923,5015-5018,5118,5120,5123,5126,5160,5177,5190,5202,5245,5255,5263-5264,5316,5368,5420,5445,5449,5453,5457,5469,5473,5477,5487,5529,5563-5565,5590,5699,5703,5707,5712,5721-5722,5730,5823,5910,5934,5956,5964,5975,6050,6054,6084-6085,6120-6122,6168,6190,6199,6204,6216,6220,6253,6265,6306,6311-6312,6450,6453,6535,6564,6636,6672,6806-6807,6811-6812,6821,6851,6903,6907,6919,6955,6959,6997,7006,7033,7038,7148,7332,7351,7355-7362,7390,7398,7402-7403,7422,7439-7440,7447,7456,7472-7473,7494-7503,7532,7536,7565,7573,7577,7591,7597,7601,7609,7621,7634,7646,7758,7782,7795,7808,7832,7857,7865,7922,8007,8031,8041-8042,8046,8051-8052,8056,8060,8064,8105,8122,8130-8131,8170,8189,8252,8293-8295,8308,8388,8397,8446,8470,8483,8526,8530,8594-8595,8607,8611,8615,8619,8624,8664,8702,8706,8714,8722,8730,8777,8825
packages/admin/src/locales/pseudo/messages.po
  s_624d811dcaeb04::t_a693aafbd9bc9d 76,92,119,124,149-150,160,190,195,207-208,228,274,285,291,297,412,416,516,572,604-605,618,624,626,630,646,650,704,712,729,741,745,749,761,765,804,809,817,821,825,847,877,882,886,910,927-928,937,952,967-970,1003,1011,1020-1021,1048,1063,1072,1076,1152,1156,1188,1197,1291-1292,1306,1310,1319,1327-1329,1400-1402,1415,1441,1519,1611-1616,1639-1642,1662-1664,1668-1670,1674,1678,1733,1776,1779,1904,1937,1942,1946,1951,1955,1964,1990-1991,1995,2025,2052,2060,2065,2127,2132,2185-2186,2247,2258-2259,2265-2266,2270-2271,2286,2291,2302,2307,2312,2328,2336,2367,2384,2389,2393,2397,2405,2409,2425,2428-2429,2432-2433,2482,2490,2499,2503,2539,2543,2547,2559-2560,2566,2623,2645,2723,2732,2744,2748,2755,2764,2768,2772,2776,2784,2812,2821-2822,2865,2877,2886,2959,2963,2991,2995,2999,3004,3066-3067,3083,3099,3103,3107,3132,3160,3193,3229,3242,3246,3299,3345,3353,3357,3361,3378,3403,3411,3431,3495,3520,3589,3630,3652,3672,3697,3701,3705,3709,3739,3814,3831,3836,3878,3900,3917,3949,3951,3955,3957,3961,3963,3967,3969,3973,3975,3979,3981,4017,4029,4039,4047-4048,4064,4079,4231,4241,4245,4249,4253,4257,4261,4265,4269,4273,4277-4278,4290-4291,4295,4328,4330,4336,4340,4394-4395,4400,4470,4472,4492,4496,4607-4608,4622,4630,4638-4639,4647,4663,4683,4696,4699-4700,4703,4758,4778,4786,4790,4794,4798,4814,4844,4849-4850,4875-4876,4918,4923,5015-5018,5118,5120,5123,5126,5160,5177,5190,5202,5245,5255,5263-5264,5316,5368,5420,5445,5449,5453,5457,5469,5473,5477,5487,5529,5563-5565,5590,5699,5703,5707,5712,5721-5722,5730,5823,5910,5934,5956,5964,5975,6050,6054,6084-6085,6120-6122,6168,6190,6199,6204,6216,6220,6253,6265,6306,6311-6312,6450,6453,6535,6564,6636,6672,6806-6807,6811-6812,6821,6851,6903,6907,6919,6955,6959,6997,7006,7033,7038,7148,7332,7351,7355-7362,7390,7398,7402-7403,7422,7439-7440,7447,7456,7472-7473,7494-7503,7532,7536,7565,7573,7577,7591,7597,7601,7609,7621,7634,7646,7758,7782,7795,7808,7832,7857,7865,7922,8007,8031,8041-8042,8046,8051-8052,8056,8060,8064,8105,8122,8130-8131,8170,8189,8252,8293-8295,8308,8388,8397,8446,8470,8483,8526,8530,8594-8595,8607,8611,8615,8619,8624,8664,8702,8706,8714,8722,8730,8777,8825
packages/admin/src/locales/pt-BR/messages.po
  s_624d811dcaeb04::t_a196f4054b0763 76,92,119,124,149-150,160,190,195,207-208,228,274,285,291,297,412,416,516,572,604-605,618,624,626,630,646,650,704,712,729,741,745,749,761,765,804,809,817,821,825,847,877,882,886,910,927-928,937,952,967-970,1003,1011,1020-1021,1048,1063,1072,1076,1152,1156,1188,1197,1291-1292,1306,1310,1319,1327-1329,1400-1402,1415,1441,1519,1611-1616,1639-1642,1662-1664,1668-1670,1674,1678,1733,1776,1779,1904,1937,1942,1946,1951,1955,1964,1990-1991,1995,2025,2052,2060,2065,2127,2132,2185-2186,2247,2258-2259,2265-2266,2270-2271,2286,2291,2302,2307,2312,2328,2336,2367,2384,2389,2393,2397,2405,2409,2425,2428-2429,2432-2433,2482,2490,2499,2503,2539,2543,2547,2559-2560,2566,2623,2645,2723,2732,2744,2748,2755,2764,2768,2772,2776,2784,2812,2821-2822,2865,2877,2886,2959,2963,2991,2995,2999,3004,3066-3067,3083,3099,3103,3107,3132,3160,3193,3229,3242,3246,3299,3345,3353,3357,3361,3378,3403,3411,3431,3495,3520,3589,3630,3652,3672,3697,3701,3705,3709,3739,3814,3831,3836,3878,3900,3917,3949,3951,3955,3957,3961,3963,3967,3969,3973,3975,3979,3981,4017,4029,4039,4047-4048,4064,4079,4231,4241,4245,4249,4253,4257,4261,4265,4269,4273,4277-4278,4290-4291,4295,4328,4330,4336,4340,4394-4395,4400,4470,4472,4492,4496,4607-4608,4622,4630,4638-4639,4647,4663,4683,4696,4699-4700,4703,4758,4778,4786,4790,4794,4798,4814,4844,4849-4850,4875-4876,4918,4923,5015-5018,5118,5120,5123,5126,5160,5177,5190,5202,5245,5255,5263-5264,5316,5368,5420,5445,5449,5453,5457,5469,5473,5477,5487,5529,5563-5565,5590,5699,5703,5707,5712,5721-5722,5730,5823,5910,5934,5956,5964,5975,6050,6054,6084-6085,6120-6122,6168,6190,6199,6204,6216,6220,6253,6265,6306,6311-6312,6450,6453,6535,6564,6636,6672,6806-6807,6811-6812,6821,6851,6903,6907,6919,6955,6959,6997,7006,7033,7038,7148,7332,7351,7355-7362,7390,7398,7402-7403,7422,7439-7440,7447,7456,7472-7473,7494-7503,7532,7536,7565,7573,7577,7591,7597,7601,7609,7621,7634,7646,7758,7782,7795,7808,7832,7857,7865,7922,8007,8031,8041-8042,8046,8051-8052,8056,8060,8064,8105,8122,8130-8131,8170,8189,8252,8293-8295,8308,8388,8397,8446,8470,8483,8526,8530,8594-8595,8607,8611,8615,8619,8624,8664,8702,8706,8714,8722,8730,8777,8825
packages/admin/src/locales/sr-Latn/messages.po
  s_624d811dcaeb04::t_a93f90c71d402a 76,92,119,124,149-150,160,190,195,207-208,228,274,285,291,297,412,416,516,572,604-605,618,624,626,630,646,650,704,712,729,741,745,749,761,765,804,809,817,821,825,847,877,882,886,910,927-928,937,952,967-970,1003,1011,1020-1021,1048,1063,1072,1076,1152,1156,1188,1197,1291-1292,1306,1310,1319,1327-1329,1400-1402,1415,1441,1519,1611-1616,1639-1642,1662-1664,1668-1670,1674,1678,1733,1776,1779,1904,1937,1942,1946,1951,1955,1964,1990-1991,1995,2025,2052,2060,2065,2127,2132,2185-2186,2247,2258-2259,2265-2266,2270-2271,2286,2291,2302,2307,2312,2328,2336,2367,2384,2389,2393,2397,2405,2409,2425,2428-2429,2432-2433,2482,2490,2499,2503,2539,2543,2547,2559-2560,2566,2623,2645,2723,2732,2744,2748,2755,2764,2768,2772,2776,2784,2812,2821-2822,2865,2877,2886,2962,2966,2994,2998,3002,3007,3069-3070,3086,3102,3106,3110,3135,3163,3196,3232,3245,3249,3302,3348,3356,3360,3364,3381,3406,3414,3434,3498,3523,3592,3633,3655,3675,3700,3704,3708,3712,3742,3817,3834,3839,3881,3903,3920,3952,3954,3958,3960,3964,3966,3970,3972,3976,3978,3982,3984,4020,4032,4042,4050-4051,4067,4082,4234,4244,4248,4252,4256,4260,4264,4268,4272,4276,4280-4281,4293-4294,4298,4331,4333,4339,4343,4397-4398,4403,4473,4475,4495,4499,4610-4611,4625,4633,4641-4642,4650,4666,4686,4699,4702-4703,4706,4761,4781,4789,4793,4797,4801,4817,4847,4852-4853,4878-4879,4921,4926,5018-5021,5121,5123,5126,5129,5163,5180,5193,5205,5248,5258,5266-5267,5319,5371,5423,5448,5452,5456,5460,5472,5476,5480,5490,5532,5566-5568,5593,5705,5709,5713,5718,5727-5728,5736,5829,5916,5940,5962,5970,5981,6056,6060,6090-6091,6126-6128,6174,6196,6205,6210,6222,6226,6259,6271,6312,6317-6318,6456,6459,6541,6570,6642,6678,6812-6813,6817-6818,6827,6857,6909,6913,6925,6961,6965,7003,7012,7039,7044,7154,7338,7357,7361-7368,7396,7404,7408-7409,7428,7445-7446,7453,7462,7478-7479,7500-7509,7538,7542,7571,7579,7583,7597,7603,7607,7615,7627,7640,7652,7764,7788,7801,7814,7838,7863,7871,7928,8013,8037,8047-8048,8052,8057-8058,8062,8066,8070,8111,8128,8136-8137,8176,8195,8258,8299-8301,8314,8394,8403,8452,8476,8489,8532,8536,8600-8601,8613,8617,8621,8625,8630,8670,8708,8712,8720,8728,8736,8783,8831
packages/admin/src/locales/sv/messages.po
  s_624d811dcaeb04::t_b91a4a1f490282 76,92,119,124,149-150,160,190,195,207-208,228,274,285,291,297,412,416,516,572,604-605,618,624,626,630,646,650,704,712,729,741,745,749,761,765,804,809,817,821,825,847,877,882,886,910,927-928,937,952,967-970,1003,1011,1020-1021,1048,1063,1072,1076,1152,1156,1188,1197,1291-1292,1306,1310,1319,1327-1329,1400-1402,1415,1441,1519,1611-1616,1639-1642,1662-1664,1668-1670,1674,1678,1733,1776,1779,1904,1937,1942,1946,1951,1955,1964,1990-1991,1995,2025,2052,2060,2065,2127,2132,2185-2186,2247,2258-2259,2265-2266,2270-2271,2286,2291,2302,2307,2312,2328,2336,2367,2384,2389,2393,2397,2405,2409,2425,2428-2429,2432-2433,2482,2490,2499,2503,2539,2543,2547,2559-2560,2566,2623,2645,2723,2732,2744,2748,2755,2764,2768,2772,2776,2784,2812,2821-2822,2865,2877,2886,2962,2966,2994,2998,3002,3007,3069-3070,3086,3102,3106,3110,3135,3163,3196,3232,3245,3249,3302,3348,3356,3360,3364,3381,3406,3414,3434,3498,3523,3592,3633,3655,3675,3700,3704,3708,3712,3742,3817,3834,3839,3881,3903,3920,3952,3954,3958,3960,3964,3966,3970,3972,3976,3978,3982,3984,4020,4032,4042,4050-4051,4067,4082,4234,4244,4248,4252,4256,4260,4264,4268,4272,4276,4280-4281,4293-4294,4298,4331,4333,4339,4343,4397-4398,4403,4473,4475,4495,4499,4610-4611,4625,4633,4641-4642,4650,4666,4686,4699,4702-4703,4706,4761,4781,4789,4793,4797,4801,4817,4847,4852-4853,4878-4879,4921,4926,5018-5021,5121,5123,5126,5129,5163,5180,5193,5205,5248,5258,5266-5267,5319,5371,5423,5448,5452,5456,5460,5472,5476,5480,5490,5532,5566-5568,5593,5705,5709,5713,5718,5727-5728,5736,5829,5916,5940,5962,5970,5981,6056,6060,6090-6091,6126-6128,6174,6196,6205,6210,6222,6226,6259,6271,6312,6317-6318,6456,6459,6541,6570,6642,6678,6812-6813,6817-6818,6827,6857,6909,6913,6925,6961,6965,7003,7012,7039,7044,7154,7338,7357,7361-7368,7396,7404,7408-7409,7428,7445-7446,7453,7462,7478-7479,7500-7509,7538,7542,7571,7579,7583,7597,7603,7607,7615,7627,7640,7652,7764,7788,7801,7814,7838,7863,7871,7928,8013,8037,8047-8048,8052,8057-8058,8062,8066,8070,8111,8128,8136-8137,8176,8195,8258,8299-8301,8314,8394,8403,8452,8476,8489,8532,8536,8600-8601,8613,8617,8621,8625,8630,8670,8708,8712,8720,8728,8736,8783,8831
packages/admin/src/locales/th/messages.po
  s_624d811dcaeb04::t_5b8b3ebe17b2b3 76,92,119,124,149-150,160,190,195,207-208,228,274,285,291,297,412,416,516,572,604-605,618,624,626,630,646,650,704,712,729,741,745,749,761,765,804,809,817,821,825,847,877,882,886,910,927-928,937,952,967-970,1003,1011,1020-1021,1048,1063,1072,1076,1152,1156,1188,1197,1291-1292,1306,1310,1319,1327-1329,1400-1402,1415,1441,1519,1611-1616,1639-1642,1662-1664,1668-1670,1674,1678,1733,1776,1779,1904,1937,1942,1946,1951,1955,1964,1990-1991,1995,2025,2052,2060,2065,2127,2132,2185-2186,2247,2258-2259,2265-2266,2270-2271,2286,2291,2302,2307,2312,2328,2336,2367,2384,2389,2393,2397,2405,2409,2425,2428-2429,2432-2433,2482,2490,2499,2503,2539,2543,2547,2559-2560,2566,2623,2645,2723,2732,2744,2748,2755,2764,2768,2772,2776,2784,2812,2821-2822,2865,2877,2886,2959,2963,2991,2995,2999,3004,3066-3067,3083,3099,3103,3107,3132,3160,3193,3229,3242,3246,3299,3345,3353,3357,3361,3378,3403,3411,3431,3495,3520,3589,3630,3652,3672,3697,3701,3705,3709,3739,3814,3831,3836,3878,3900,3917,3949,3951,3955,3957,3961,3963,3967,3969,3973,3975,3979,3981,4017,4029,4039,4047-4048,4064,4079,4231,4241,4245,4249,4253,4257,4261,4265,4269,4273,4277-4278,4290-4291,4295,4328,4330,4336,4340,4394-4395,4400,4470,4472,4492,4496,4607-4608,4622,4630,4638-4639,4647,4663,4683,4696,4699-4700,4703,4758,4778,4786,4790,4794,4798,4814,4844,4849-4850,4875-4876,4918,4923,5015-5018,5118,5120,5123,5126,5160,5177,5190,5202,5245,5255,5263-5264,5316,5368,5420,5445,5449,5453,5457,5469,5473,5477,5487,5529,5563-5565,5590,5702,5706,5710,5715,5724-5725,5733,5826,5913,5937,5959,5967,5978,6053,6057,6087-6088,6123-6125,6171,6193,6202,6207,6219,6223,6256,6268,6309,6314-6315,6453,6456,6538,6567,6639,6675,6809-6810,6814-6815,6824,6854,6906,6910,6922,6958,6962,7000,7009,7036,7041,7151,7335,7354,7358-7365,7393,7401,7405-7406,7425,7442-7443,7450,7459,7475-7476,7497-7506,7535,7539,7568,7576,7580,7594,7600,7604,7612,7624,7637,7649,7761,7785,7798,7811,7835,7860,7868,7925,8010,8034,8044-8045,8049,8054-8055,8059,8063,8067,8108,8125,8133-8134,8173,8192,8255,8296-8298,8311,8391,8400,8449,8473,8486,8529,8533,8597-8598,8610,8614,8618,8622,8627,8667,8705,8709,8717,8725,8733,8780,8828
packages/admin/src/locales/tr/messages.po
  s_624d811dcaeb04::t_2d419a27f794be 76,92,119,124,149-150,160,190,195,207-208,228,274,285,291,297,412,416,516,572,604-605,618,624,626,630,646,650,704,712,729,741,745,749,761,765,804,809,817,821,825,847,877,882,886,910,927-928,937,952,967-970,1003,1011,1020-1021,1048,1063,1072,1076,1152,1156,1188,1197,1291-1292,1306,1310,1319,1327-1329,1400-1402,1415,1441,1519,1611-1616,1639-1642,1662-1664,1668-1670,1674,1678,1733,1776,1779,1904,1937,1942,1946,1951,1955,1964,1990-1991,1995,2025,2052,2060,2065,2127,2132,2185-2186,2247,2258-2259,2265-2266,2270-2271,2286,2291,2302,2307,2312,2328,2336,2367,2384,2389,2393,2397,2405,2409,2425,2428-2429,2432-2433,2482,2490,2499,2503,2539,2543,2547,2559-2560,2566,2623,2645,2723,2732,2744,2748,2755,2764,2768,2772,2776,2784,2812,2821-2822,2865,2877,2886,2962,2966,2994,2998,3002,3007,3069-3070,3086,3102,3106,3110,3135,3163,3196,3232,3245,3249,3302,3348,3356,3360,3364,3381,3406,3414,3434,3498,3523,3592,3633,3655,3675,3700,3704,3708,3712,3742,3817,3834,3839,3881,3903,3920,3952,3954,3958,3960,3964,3966,3970,3972,3976,3978,3982,3984,4020,4032,4042,4050-4051,4067,4082,4234,4244,4248,4252,4256,4260,4264,4268,4272,4276,4280-4281,4293-4294,4298,4331,4333,4339,4343,4397-4398,4403,4473,4475,4495,4499,4610-4611,4625,4633,4641-4642,4650,4666,4686,4699,4702-4703,4706,4761,4781,4789,4793,4797,4801,4817,4847,4852-4853,4878-4879,4921,4926,5018-5021,5121,5123,5126,5129,5163,5180,5193,5205,5248,5258,5266-5267,5319,5371,5423,5448,5452,5456,5460,5472,5476,5480,5490,5532,5566-5568,5593,5705,5709,5713,5718,5727-5728,5736,5829,5916,5940,5962,5970,5981,6056,6060,6090-6091,6126-6128,6174,6196,6205,6210,6222,6226,6259,6271,6312,6317-6318,6456,6459,6541,6570,6642,6678,6812-6813,6817-6818,6827,6857,6909,6913,6925,6961,6965,7003,7012,7039,7044,7154,7338,7357,7361-7368,7396,7404,7408-7409,7428,7445-7446,7453,7462,7478-7479,7500-7509,7538,7542,7571,7579,7583,7597,7603,7607,7615,7627,7640,7652,7764,7788,7801,7814,7838,7863,7871,7928,8013,8037,8047-8048,8052,8057-8058,8062,8066,8070,8111,8128,8136-8137,8176,8195,8258,8299-8301,8314,8394,8403,8452,8476,8489,8532,8536,8600-8601,8613,8617,8621,8625,8630,8670,8708,8712,8720,8728,8736,8783,8831
packages/admin/src/locales/uk/messages.po
  s_624d811dcaeb04::t_66c0a3b7ff18b7 76,92,119,124,149-150,160,190,195,207-208,228,274,285,291,297,412,416,516,572,604-605,618,624,626,630,646,650,704,712,729,741,745,749,761,765,804,809,817,821,825,847,877,882,886,910,927-928,937,952,967-970,1003,1011,1020-1021,1048,1063,1072,1076,1152,1156,1188,1197,1291-1292,1306,1310,1319,1327-1329,1400-1402,1415,1441,1519,1611-1616,1639-1642,1662-1664,1668-1670,1674,1678,1733,1776,1779,1904,1937,1942,1946,1951,1955,1964,1990-1991,1995,2025,2052,2060,2065,2127,2132,2185-2186,2247,2258-2259,2265-2266,2270-2271,2286,2291,2302,2307,2312,2328,2336,2367,2384,2389,2393,2397,2405,2409,2425,2428-2429,2432-2433,2482,2490,2499,2503,2539,2543,2547,2559-2560,2566,2623,2645,2723,2732,2744,2748,2755,2764,2768,2772,2776,2784,2812,2821-2822,2865,2877,2886,2962,2966,2994,2998,3002,3007,3069-3070,3086,3102,3106,3110,3135,3163,3196,3232,3245,3249,3302,3348,3356,3360,3364,3381,3406,3414,3434,3498,3523,3592,3633,3655,3675,3700,3704,3708,3712,3742,3817,3834,3839,3881,3903,3920,3952,3954,3958,3960,3964,3966,3970,3972,3976,3978,3982,3984,4020,4032,4042,4050-4051,4067,4082,4234,4244,4248,4252,4256,4260,4264,4268,4272,4276,4280-4281,4293-4294,4298,4331,4333,4339,4343,4397-4398,4403,4473,4475,4495,4499,4610-4611,4625,4633,4641-4642,4650,4666,4686,4699,4702-4703,4706,4761,4781,4789,4793,4797,4801,4817,4847,4852-4853,4878-4879,4921,4926,5018-5021,5121,5123,5126,5129,5163,5180,5193,5205,5248,5258,5266-5267,5319,5371,5423,5448,5452,5456,5460,5472,5476,5480,5490,5532,5566-5568,5593,5705,5709,5713,5718,5727-5728,5736,5829,5916,5940,5962,5970,5981,6056,6060,6090-6091,6126-6128,6174,6196,6205,6210,6222,6226,6259,6271,6312,6317-6318,6456,6459,6541,6570,6642,6678,6812-6813,6817-6818,6827,6857,6909,6913,6925,6961,6965,7003,7012,7039,7044,7154,7338,7357,7361-7368,7396,7404,7408-7409,7428,7445-7446,7453,7462,7478-7479,7500-7509,7538,7542,7571,7579,7583,7597,7603,7607,7615,7627,7640,7652,7764,7788,7801,7814,7838,7863,7871,7928,8013,8037,8047-8048,8052,8057-8058,8062,8066,8070,8111,8128,8136-8137,8176,8195,8258,8299-8301,8314,8394,8403,8452,8476,8489,8532,8536,8600-8601,8613,8617,8621,8625,8630,8670,8708,8712,8720,8728,8736,8783,8831
packages/admin/src/locales/zh-CN/messages.po
  s_624d811dcaeb04::t_18c7b8e2c73e74 76,92,119,124,149-150,160,190,195,207-208,228,274,285,291,297,412,416,516,572,604-605,618,624,626,630,646,650,704,712,729,741,745,749,761,765,804,809,817,821,825,847,877,882,886,910,927-928,937,952,967-970,1003,1011,1020-1021,1048,1063,1072,1076,1152,1156,1188,1197,1291-1292,1306,1310,1319,1327-1329,1400-1402,1415,1441,1519,1611-1616,1639-1642,1662-1664,1668-1670,1674,1678,1733,1776,1779,1904,1937,1942,1946,1951,1955,1964,1990-1991,1995,2025,2052,2060,2065,2127,2132,2185-2186,2247,2258-2259,2265-2266,2270-2271,2286,2291,2302,2307,2312,2328,2336,2367,2384,2389,2393,2397,2405,2409,2425,2428-2429,2432-2433,2482,2490,2499,2503,2539,2543,2547,2559-2560,2566,2623,2645,2723,2732,2744,2748,2755,2764,2768,2772,2776,2784,2812,2821-2822,2865,2877,2886,2962,2966,2994,2998,3002,3007,3069-3070,3086,3102,3106,3110,3135,3163,3196,3232,3245,3249,3302,3348,3356,3360,3364,3381,3406,3414,3434,3498,3523,3592,3633,3655,3675,3700,3704,3708,3712,3742,3817,3834,3839,3881,3903,3920,3952,3954,3958,3960,3964,3966,3970,3972,3976,3978,3982,3984,4020,4032,4042,4050-4051,4067,4082,4234,4244,4248,4252,4256,4260,4264,4268,4272,4276,4280-4281,4293-4294,4298,4331,4333,4339,4343,4397-4398,4403,4473,4475,4495,4499,4610-4611,4625,4633,4641-4642,4650,4666,4686,4699,4702-4703,4706,4761,4781,4789,4793,4797,4801,4817,4847,4852-4853,4878-4879,4921,4926,5018-5021,5121,5123,5126,5129,5163,5180,5193,5205,5248,5258,5266-5267,5319,5371,5423,5448,5452,5456,5460,5472,5476,5480,5490,5532,5566-5568,5593,5705,5709,5713,5718,5727-5728,5736,5829,5916,5940,5962,5970,5981,6056,6060,6090-6091,6126-6128,6174,6196,6205,6210,6222,6226,6259,6271,6312,6317-6318,6456,6459,6541,6570,6642,6678,6812-6813,6817-6818,6827,6857,6909,6913,6925,6961,6965,7003,7012,7039,7044,7154,7338,7357,7361-7368,7396,7404,7408-7409,7428,7445-7446,7453,7462,7478-7479,7500-7509,7538,7542,7571,7579,7583,7597,7603,7607,7615,7627,7640,7652,7764,7788,7801,7814,7838,7863,7871,7928,8013,8037,8047-8048,8052,8057-8058,8062,8066,8070,8111,8128,8136-8137,8176,8195,8258,8299-8301,8314,8394,8403,8452,8476,8489,8532,8536,8600-8601,8613,8617,8621,8625,8630,8670,8708,8712,8720,8728,8736,8783,8831
packages/admin/src/locales/zh-TW/messages.po
  s_624d811dcaeb04::t_c301ded99257b3 76,92,119,124,149-150,160,190,195,207-208,228,274,285,291,297,412,416,516,572,604-605,618,624,626,630,646,650,704,712,729,741,745,749,761,765,804,809,817,821,825,847,877,882,886,910,927-928,937,952,967-970,1003,1011,1020-1021,1048,1063,1072,1076,1152,1156,1188,1197,1291-1292,1306,1310,1319,1327-1329,1400-1402,1415,1441,1519,1611-1616,1639-1642,1662-1664,1668-1670,1674,1678,1733,1776,1779,1904,1937,1942,1946,1951,1955,1964,1990-1991,1995,2025,2052,2060,2065,2127,2132,2185-2186,2247,2258-2259,2265-2266,2270-2271,2286,2291,2302,2307,2312,2328,2336,2367,2384,2389,2393,2397,2405,2409,2425,2428-2429,2432-2433,2482,2490,2499,2503,2539,2543,2547,2559-2560,2566,2623,2645,2723,2732,2744,2748,2755,2764,2768,2772,2776,2784,2812,2821-2822,2865,2877,2886,2962,2966,2994,2998,3002,3007,3069-3070,3086,3102,3106,3110,3135,3163,3196,3232,3245,3249,3302,3348,3356,3360,3364,3381,3406,3414,3434,3498,3523,3592,3633,3655,3675,3700,3704,3708,3712,3742,3817,3834,3839,3881,3903,3920,3952,3954,3958,3960,3964,3966,3970,3972,3976,3978,3982,3984,4020,4032,4042,4050-4051,4067,4082,4234,4244,4248,4252,4256,4260,4264,4268,4272,4276,4280-4281,4293-4294,4298,4331,4333,4339,4343,4397-4398,4403,4473,4475,4495,4499,4610-4611,4625,4633,4641-4642,4650,4666,4686,4699,4702-4703,4706,4761,4781,4789,4793,4797,4801,4817,4847,4852-4853,4878-4879,4921,4926,5018-5021,5121,5123,5126,5129,5163,5180,5193,5205,5248,5258,5266-5267,5319,5371,5423,5448,5452,5456,5460,5472,5476,5480,5490,5532,5566-5568,5593,5705,5709,5713,5718,5727-5728,5736,5829,5916,5940,5962,5970,5981,6056,6060,6090-6091,6126-6128,6174,6196,6205,6210,6222,6226,6259,6271,6312,6317-6318,6456,6459,6541,6570,6642,6678,6812-6813,6817-6818,6827,6857,6909,6913,6925,6961,6965,7003,7012,7039,7044,7154,7338,7357,7361-7368,7396,7404,7408-7409,7428,7445-7446,7453,7462,7478-7479,7500-7509,7538,7542,7571,7579,7583,7597,7603,7607,7615,7627,7640,7652,7764,7788,7801,7814,7838,7863,7871,7928,8013,8037,8047-8048,8052,8057-8058,8062,8066,8070,8111,8128,8136-8137,8176,8195,8258,8299-8301,8314,8394,8403,8452,8476,8489,8532,8536,8600-8601,8613,8617,8621,8625,8630,8670,8708,8712,8720,8728,8736,8783,8831
packages/admin/src/router.tsx
  s_624d811dcaeb04::t_db2eb61ed89d0b 1347-1349,1490-1491,2179-2180,2194-2195,2198
packages/admin/src/routes/byline-schema.tsx
  s_624d811dcaeb04::t_64504b5b3c3ce7 174-175,218-219
packages/admin/src/routes/bylines.tsx
  s_624d811dcaeb04::t_14e00619bc8c8f 375
packages/admin/src/routes/users.tsx
  s_624d811dcaeb04::t_7a1438df7160a1 208
packages/admin/src/styles.css
  s_624d811dcaeb04::t_c7136ca60ed9ef 52,102-103,149-151,304-307
packages/admin/tests/components/Dashboard.test.tsx
  s_624d811dcaeb04::t_2e348c2251bf3b 107-116
packages/admin/tests/components/TaxonomySidebar.test.tsx
  s_624d811dcaeb04::t_81b2d417c25756 89,92,96,100,104
packages/admin/tests/components/taxonomy-term-cache.test.tsx
  s_624d811dcaeb04::t_3213c19b6b961c 1-113
packages/admin/tests/editor/DragHandleWrapper.interactions.test.tsx
  s_624d811dcaeb04::t_d3b19a389b08e6 3,5,10-25,30,37-66,70-89,93-100,175-263
packages/admin/tests/editor/PortableTextEditor.test.tsx
  s_624d811dcaeb04::t_403615568659a6 155,316-323,351-432,577-591,789-790,794-810,818-820
packages/admin/tests/editor/block-menu.test.tsx
  s_624d811dcaeb04::t_f98726c76ece4b 10-11,171-195,208-210,213-216,250-265,287-289,461-490,531-580
packages/admin/tests/editor/bubble-menu.test.tsx
  s_624d811dcaeb04::t_a7a903060a1521 488,498-499
packages/admin/tests/editor/linked-code.test.ts
  s_624d811dcaeb04::t_4da83a727e995c 1-88
packages/admin/tests/editor/slash-menu.test.tsx
  s_624d811dcaeb04::t_38c8d70b0ccb7d 458,474-476
packages/admin/tests/editor/toolbar.test.tsx
  s_624d811dcaeb04::t_7979a02c696212 180,227-229,241-250,514-526
packages/admin/tests/lib/media-upload.test.ts
  s_624d811dcaeb04::t_b1caafdf5450fe 1-198
packages/auth-atproto/CHANGELOG.md
  s_624d811dcaeb04::t_ab877593dc2a5c 3-9
packages/auth-atproto/package.json
  s_624d811dcaeb04::t_b27495dac074d4 3
packages/auth/CHANGELOG.md
  s_624d811dcaeb04::t_964eec17de75dc 3-4
packages/auth/package.json
  s_624d811dcaeb04::t_8c57d839cf84ad 3
packages/blocks/CHANGELOG.md
  s_624d811dcaeb04::t_82b432d6f6ab13 3-4
packages/blocks/package.json
  s_624d811dcaeb04::t_d7d57f5acdb223 3
packages/cloudflare/CHANGELOG.md
  s_624d811dcaeb04::t_121389be272adb 3-9
packages/cloudflare/package.json
  s_624d811dcaeb04::t_1e9a398e4a36c1 3
packages/cloudflare/tests/db/coalescing-d1.test.ts
  s_624d811dcaeb04::t_4e7af7eaad779a 180-183,198-203
packages/cloudflare/tests/db/d1-dialect.test.ts
  s_624d811dcaeb04::t_356e6ec1b8fc6c 27,48,112-130
packages/core/CHANGELOG.md
  s_624d811dcaeb04::t_fdcb13b94fe542 3-13
packages/core/package.json
  s_624d811dcaeb04::t_b83ff63fe6e168 3,221
packages/core/src/api/handlers/media.ts
  s_624d811dcaeb04::t_f63d1171a48194 188,191,193,205
packages/core/src/api/handlers/taxonomies.ts
  s_624d811dcaeb04::t_9fd460a93b3ac7 53-54,388,405-408,418
packages/core/src/api/openapi/document.ts
  s_624d811dcaeb04::t_7222657168a220 57,117,793,795,832-862,1331
packages/core/src/api/schemas/media.ts
  s_624d811dcaeb04::t_63f7327a09f756 77,87,181-187
packages/core/src/api/schemas/taxonomies.ts
  s_624d811dcaeb04::t_467517da1298f1 58-72,143
packages/core/src/astro/integration/routes.ts
  s_624d811dcaeb04::t_38577e6948d0d0 226-230
packages/core/src/astro/prefetch.ts
  s_624d811dcaeb04::t_a72232426b0b77 43-48,51
packages/core/src/astro/routes/api/media/[id].ts
  s_624d811dcaeb04::t_05d0af7fb043b1 16-17,145-153,155-162
packages/core/src/astro/routes/api/media/[id]/confirm.ts
  s_624d811dcaeb04::t_0bc2c2667d378e 11,17,20,31,43-103,138,143-162,166-167,170-199,202,207-220,225-236,239,242-243
packages/core/src/astro/routes/api/media/[id]/upload.ts
  s_624d811dcaeb04::t_c976f5af816ad3 1-262
packages/core/src/astro/routes/api/media/upload-url.ts
  s_624d811dcaeb04::t_dfe916bf776a6d 42-45,78,93,95,111-123,126,133-138,141
packages/core/src/astro/routes/api/taxonomies/[name]/terms/index.ts
  s_624d811dcaeb04::t_22cb5cefd3e3d4 14,32,36-39
packages/core/src/cleanup.ts
  s_624d811dcaeb04::t_12bbb23c623e99 19,31,61,112-132
packages/core/src/components/InlinePortableTextEditor.tsx
  s_624d811dcaeb04::t_824d6bb331431c 29,1946-1947,1949
packages/core/src/components/code-mark.ts
  s_624d811dcaeb04::t_77f7b77f7f3541 1-11
packages/core/src/components/widgets/Categories.astro
  s_624d811dcaeb04::t_a5fa69dba87680 15
packages/core/src/components/widgets/Tags.astro
  s_624d811dcaeb04::t_89359d3cda9478 15
packages/core/src/database/migrations/054_media_upload_attempts.ts
  s_624d811dcaeb04::t_067ee92ee59906 1-41
packages/core/src/database/migrations/runner.ts
  s_624d811dcaeb04::t_aad9df8a5618d4 59,114
packages/core/src/database/repositories/media.ts
  s_624d811dcaeb04::t_0b25286db5870d 88-90,144-266,278,280,290,292-299,301-303,309-312,315-316,454-462,464-465,497
packages/core/src/database/types.ts
  s_624d811dcaeb04::t_c504a36bfc2e0a 84-92,507
packages/core/src/i18n/config.ts
  s_624d811dcaeb04::t_b8a6936532595d 15-19,26,34,39,41,51-52,61-62,68,70,78-79
packages/core/src/media/upload-attempts.ts
  s_624d811dcaeb04::t_8d265d6fc24296 1-33
packages/core/src/storage/s3.ts
  s_624d811dcaeb04::t_8ca660230be074 309
packages/core/src/taxonomies/index.ts
  s_624d811dcaeb04::t_82ef4f2ad0a506 34-42,242-248,252,255-273,275-289,305,318,349-358,841
packages/core/src/taxonomies/term-counts.ts
  s_624d811dcaeb04::t_e9de606921d7ab 40-43,53-55
packages/core/src/utils/hash.ts
  s_624d811dcaeb04::t_25a2ae5ec3afbb 1-7,35-40,46
packages/core/tests/integration/astro/media-confirm-placeholder.test.ts
  s_624d811dcaeb04::t_816105afbfb17c 8,29,33,46,59,73,101-241,246,250,252,255-256,266,271,280-386
packages/core/tests/integration/astro/media-stream-upload.test.ts
  s_624d811dcaeb04::t_d0c47e644b30ec 1-1155
packages/core/tests/integration/database/media-upload-publish.test.ts
  s_624d811dcaeb04::t_fcecac12b2cdef 1-147
packages/core/tests/integration/database/migrations.test.ts
  s_624d811dcaeb04::t_bdf341ce28bb1f 143
packages/core/tests/integration/taxonomy-term-counts-plan.test.ts
  s_624d811dcaeb04::t_6aa5ce2ad4f8c4 1-111
packages/core/tests/unit/api/openapi.test.ts
  s_624d811dcaeb04::t_33bd4271bd507a 38,40
packages/core/tests/unit/api/schemas.test.ts
  s_624d811dcaeb04::t_ff4b4698081ced 250-267
packages/core/tests/unit/astro/routes.test.ts
  s_624d811dcaeb04::t_1b482d7f109a6a 12,77-89
packages/core/tests/unit/converters/linked-code-round-trip.test.ts
  s_624d811dcaeb04::t_b67836f6b6b834 1-101
packages/core/tests/unit/i18n/config.test.ts
  s_624d811dcaeb04::t_12fe87a62f9bc3 1-23
packages/core/tests/unit/storage/s3.test.ts
  s_624d811dcaeb04::t_c205420373e94c 266-284
packages/core/tests/unit/taxonomies/term-count-demand.test.ts
  s_624d811dcaeb04::t_ae171a0095df17 1-168
packages/core/tests/unit/taxonomies/term-list-counts.test.ts
  s_624d811dcaeb04::t_acdd95674e9b46 1-134
packages/create-emdash/CHANGELOG.md
  s_624d811dcaeb04::t_8453247cb7c855 3-4
packages/create-emdash/package.json
  s_624d811dcaeb04::t_7eb61fb4b1257f 3
packages/gutenberg-to-portable-text/CHANGELOG.md
  s_624d811dcaeb04::t_5e6f6fcf6667ed 3-4
packages/gutenberg-to-portable-text/package.json
  s_624d811dcaeb04::t_f11cd974abd95a 3
packages/plugins/embeds/CHANGELOG.md
  s_624d811dcaeb04::t_92be0a203a631f 3-9
packages/plugins/embeds/package.json
  s_624d811dcaeb04::t_77dbbd47841f40 3
packages/plugins/mcp-smoke/CHANGELOG.md
  s_624d811dcaeb04::t_ad812edc7cc9c5 3-9
packages/plugins/mcp-smoke/package.json
  s_624d811dcaeb04::t_32665ff0d80c30 4
packages/workerd/CHANGELOG.md
  s_624d811dcaeb04::t_70a381bae45fcb 3-9
packages/workerd/package.json
  s_624d811dcaeb04::t_e3c923b3790975 3
packages/x402/CHANGELOG.md
  s_624d811dcaeb04::t_b5dbc918e7b62d 3-4
packages/x402/package.json
  s_624d811dcaeb04::t_f2c36b4390cba2 3
pnpm-lock.yaml
  s_624d811dcaeb04::t_693591fd31f751 138-140,171-176,1173-1175,1203-1208,1688-1690,7407-7418,17529-17538
pnpm-workspace.yaml
  s_624d811dcaeb04::t_134a907b5269f4 122,133-134
scripts/query-counts.queries.d1.json
  s_624d811dcaeb04::t_2c2fe27de90823 46,60,187,204,276,290
scripts/query-counts.queries.sqlite.json
  s_624d811dcaeb04::t_3ca0d584772b7b 29,42,125,141,187,200
scripts/query-counts.snapshot.d1.json
  s_624d811dcaeb04::t_55d3dfb43462db 14-15
scripts/query-counts.snapshot.sqlite.json
  s_624d811dcaeb04::t_5e8d5bfbb031ea 14-15
templates/portfolio-cloudflare/src/pages/work/index.astro
  s_624d811dcaeb04::t_54b9c2538a05f4 23-24
templates/portfolio/src/pages/work/index.astro
  s_624d811dcaeb04::t_d242e1cb71bbaa 23-24
packages/admin/tests/router.test.tsx
  s_5965c9a485b0f7::t_bb490d4d14c1c4 101-125,254-311
---
{
  "schema_version": "authorship/3.0.0",
  "git_ai_version": "1.6.10",
  "base_commit_sha": "c138fdb4d12b19d046d58086909fd8c032054460",
  "prompts": {},
  "sessions": {
    "s_5965c9a485b0f7": {
      "agent_id": {
        "tool": "codex",
        "id": "019fc376-b24d-7080-bfcb-5542bea48dd1",
        "model": "unknown"
      },
      "human_author": "Noah Pham <ptknguyen04@gmail.com>"
    },
    "s_624d811dcaeb04": {
      "agent_id": {
        "tool": "codex",
        "id": "019fc375-b01f-7471-bea8-14e814f28ffe",
        "model": "gpt-5.6-sol"
      },
      "human_author": "Noah Pham <ptknguyen04@gmail.com>"
    }
  }
}