apps/release-action/dist/index.js
  s_d1b87a9d1cbff4::t_2509b2ffaadd82 1120-1122,1160-1170,1211-1213,1349-1351,7988-7989,8176-8185,8191-8195,8211-8212,8216-8218,8281-8284,8498-8499,8554-8555
apps/release-service/src/ui/ApproverPage.tsx
  s_d1b87a9d1cbff4::t_f7bc3bcfbb9c6a 47-50,68
docs/src/content/docs/guides/backups.mdx
  s_d1b87a9d1cbff4::t_ef5cc0a93baa2b 22-23,32-33
docs/src/content/docs/plugins/creating-plugins/block-kit.mdx
  s_d1b87a9d1cbff4::t_0d305ee2629899 197-200,223-242,244,246,255
docs/src/content/docs/plugins/creating-plugins/cli.mdx
  s_d1b87a9d1cbff4::t_a475b38234c90c 187,191
docs/src/content/docs/plugins/creating-plugins/delegated-releases.mdx
  s_d1b87a9d1cbff4::t_3d2d3c200d1112 63-65,75
e2e/fixture/astro.config.mjs
  s_d1b87a9d1cbff4::t_8dc7254bfd001b 31,41-44
e2e/fixture/src/editor-extensions-plugin.ts
  s_d1b87a9d1cbff4::t_d168e5d8de9332 9-44,57-61
e2e/tests/api-route-injection.spec.ts
  s_d1b87a9d1cbff4::t_a42ff78810cb4e 1,3-33
e2e/tests/content-actions.spec.ts
  s_d1b87a9d1cbff4::t_e734d0448fadaa 245-255
e2e/tests/marketplace.spec.ts
  s_d1b87a9d1cbff4::t_694dca2e7b7813 96-98,100-145
e2e/tests/plugin-editor-extensions.spec.ts
  s_d1b87a9d1cbff4::t_f13376b555e9f3 39,54,69-159
e2e/tests/registry-fixture-block-kit.spec.ts
  s_d1b87a9d1cbff4::t_52f46476599b5b 92
packages/admin/CHANGELOG.md
  s_d1b87a9d1cbff4::t_575794ee6f13b1 3-177
packages/admin/package.json
  s_d1b87a9d1cbff4::t_8874d535d551dd 3
packages/admin/src/components/CapabilityConsentDialog.tsx
  s_d1b87a9d1cbff4::t_bfe80643123456 9-10,12-19,76-77,82-86,127-131,133-137,140-141,144-147,150-154,156-167,170-270
packages/admin/src/components/ContentEditor.tsx
  s_d1b87a9d1cbff4::t_e12dca517d8753 44-48,63,70-73,97-130,163,395-408,498,511-512,573,595,615-706,715-716,1020,1030,1226-1227,1229-1230,1328-1335,1497-1499,1521-1529
packages/admin/src/components/ContentSettingsPanel.tsx
  s_d1b87a9d1cbff4::t_77939269c8e992 70-73,734-741,796-798,1219-1222
packages/admin/src/components/EditorDraftPatchPreview.tsx
  s_d1b87a9d1cbff4::t_b7fead4238a4cb 1-87
packages/admin/src/components/RegistryPluginDetail.tsx
  s_d1b87a9d1cbff4::t_28781d1e5a5335 29,90-91,442-449
packages/admin/src/components/SandboxedContentEditorActions.tsx
  s_d1b87a9d1cbff4::t_3b3edbf72f6257 14-17,28,30-36,46,48-49,89,99,109-113,122-124,141-143,168,171,176,184,192,208-210,224-227,243-246,258,285
packages/admin/src/components/SandboxedContentEditorPanel.tsx
  s_d1b87a9d1cbff4::t_5d1d540333808f 8-9,17-32,42-45,56-59,75-90,116-118,124,131,139-143,162-175
packages/admin/src/lib/api/client.ts
  s_d1b87a9d1cbff4::t_48edbc94f43d86 9-10,165,210,220
packages/admin/src/lib/api/marketplace.ts
  s_d1b87a9d1cbff4::t_1a5c8a28d94de0 425-426
packages/admin/src/lib/sandboxed-editor-extensions.ts
  s_d1b87a9d1cbff4::t_492104a37d19e6 5-14,21,32-47
packages/admin/src/locales/ar/messages.po
  s_d1b87a9d1cbff4::t_a916a1cd3143d5 56,64,76,81,169-173,236,273,289,304,319,382,402,473-476,561,565,797-799,803,811,823,827,844-845,1080-1083,1088-1096,1106,1277-1278,1297,1353-1356,1437,1441,1476,1502,1510,1553,1583,1609,1657-1660,1669,1730-1733,1754-1755,1795,1801-1803,1809,1865,1948,1953,1957,2040-2045,2198,2230,2379-2380,2384-2385,2398,2442,2659,2669,2682-2685,2778,2812,2829,2850,2984,3285,3304,3390-3391,3399,3462,3538,3551-3552,3556,3689,3693-3697,3755,3949,3962,3970,3982,4017,4037-4040,4049,4070,4074,4136-4140,4170,4174,4315,4336,4340,4406,4615,4656,4678,4748,4889,4897,4901,5052,5462,5571,5587,5598,5611,5628,5692,5904-5907,5911-5913,5941,5957-5958,5996,6221,6225,6566-6567,6573,6656-6659,6689,6693,6722,6808-6811,6934,7134,7330,7343-7344,7352,7573,7577-7578,7582,7586-7589,7594,7635,7643,7648,7661-7662,7732,7753,7764,7791,7795-7796,7799,7803,7811,7815-7817,7832-7833,7837,7841,7850,7854,7883,7887,7891,7895,7899,7903,7955,7963,7971-7974,7979-7980,7985,7989,8007,8103,8107,8117,8135,8140,8153,8157,8211,8266-8267,8280,8337,8424,8477,8480,8526,8530,8534-8538,8542,8546,8554,8631,8686,8699-8700,8757,8762,8770,8794,8798-8799,8831,8852,8857-8860,8882-8889,9061,9078,9082,9090,9120-9121,9142,9183,9236-9239,9300-9301,9375-9376,9456,9506-9509,9583,9706,9869-9870,9894-9897,9938-9941,9995,10007-10015,10021,10041-10044,10078,10096,10104,10108,10121,10125,10146,10217,10225,10237,10245,10253,10286,10290,10302,10324,10369-10372,10438,10443,10574-10575,10634,10646,10650-10653,10677,10722-10723,10739,10764-10765,10837-10838,10939,11010,11024,11028,11030,11035,11067,11071,11079,11083-11084,11088,11092,11144,11176,11204,11212,11326,11536
packages/admin/src/locales/ca/messages.po
  s_d1b87a9d1cbff4::t_181e4802e3b692 52,60,72,77,165-169,232,269,285,300,315,378,398,469-472,557,561,793-795,799,807,819,823,840-841,1076-1079,1084-1092,1102,1273-1274,1293,1349-1352,1433,1437,1472,1498,1506,1549,1579,1605,1653-1656,1665,1726-1729,1750-1751,1791,1797-1799,1805,1861,1944,1949,1953,2036-2041,2194,2226,2375-2376,2380-2381,2394,2438,2655,2665,2678-2681,2774,2808,2825,2846,2980,3281,3300,3386-3387,3395,3458,3534,3547-3548,3552,3685,3689-3693,3751,3948,3961,3969,3981,4016,4036-4039,4048,4069,4073,4135-4139,4169,4173,4314,4335,4339,4405,4614,4655,4677,4747,4888,4896,4900,5051,5461,5570,5586,5597,5610,5627,5691,5903-5906,5910-5912,5940,5956-5957,5995,6220,6224,6565-6566,6572,6655-6658,6688,6692,6721,6807-6810,6933,7133,7329,7342-7343,7351,7572,7576-7577,7581,7585-7588,7593,7634,7642,7647,7660-7661,7731,7752,7763,7790,7794-7795,7798,7802,7810,7814-7816,7831-7832,7836,7840,7849,7853,7882,7886,7890,7894,7898,7902,7954,7962,7970-7973,7978-7979,7984,7988,8006,8102,8106,8116,8134,8139,8152,8156,8210,8265-8266,8279,8336,8423,8476,8479,8525,8529,8533-8537,8541,8545,8553,8630,8685,8698-8699,8756,8761,8769,8793,8797-8798,8830,8851,8856-8859,8881-8888,9060,9077,9081,9089,9119-9120,9141,9182,9235-9238,9299-9300,9374-9375,9455,9505-9508,9582,9705,9868-9869,9893-9896,9937-9940,9994,10006-10014,10020,10040-10043,10077,10095,10103,10107,10120,10124,10145,10216,10224,10236,10244,10252,10285,10289,10301,10323,10368-10371,10437,10442,10573-10574,10633,10645,10649-10652,10676,10721-10722,10738,10763-10764,10836-10837,10938,11009,11023,11027,11029,11034,11066,11070,11078,11082-11083,11087,11091,11143,11175,11203,11211,11325,11535
packages/admin/src/locales/cs/messages.po
  s_d1b87a9d1cbff4::t_6e94d161ac52c3 52,60,72,77,165-169,232,269,285,300,315,378,398,469-472,557,561,793-795,799,807,819,823,840-841,1076-1079,1084-1092,1102,1273-1274,1293,1349-1352,1433,1437,1472,1498,1506,1549,1579,1605,1653-1656,1665,1726-1729,1750-1751,1791,1797-1799,1805,1861,1944,1949,1953,2036-2041,2194,2226,2375-2376,2380-2381,2394,2438,2655,2665,2678-2681,2774,2808,2825,2846,2980,3281,3300,3386-3387,3395,3458,3534,3547-3548,3552,3685,3689-3693,3751,3948,3961,3969,3981,4016,4036-4039,4048,4069,4073,4135-4139,4169,4173,4314,4335,4339,4405,4614,4655,4677,4747,4888,4896,4900,5051,5461,5570,5586,5597,5610,5627,5691,5903-5906,5910-5912,5940,5956-5957,5995,6220,6224,6565-6566,6572,6655-6658,6688,6692,6721,6807-6810,6933,7133,7329,7342-7343,7351,7572,7576-7577,7581,7585-7588,7593,7634,7642,7647,7660-7661,7731,7752,7763,7790,7794-7795,7798,7802,7810,7814-7816,7831-7832,7836,7840,7849,7853,7882,7886,7890,7894,7898,7902,7954,7962,7970-7973,7978-7979,7984,7988,8006,8102,8106,8116,8134,8139,8152,8156,8210,8265-8266,8279,8336,8423,8476,8479,8525,8529,8533-8537,8541,8545,8553,8630,8685,8698-8699,8756,8761,8769,8793,8797-8798,8830,8851,8856-8859,8881-8888,9060,9077,9081,9089,9119-9120,9141,9182,9235-9238,9299-9300,9374-9375,9455,9505-9508,9582,9705,9868-9869,9893-9896,9937-9940,9994,10006-10014,10020,10040-10043,10077,10095,10103,10107,10120,10124,10145,10216,10224,10236,10244,10252,10285,10289,10301,10323,10368-10371,10437,10442,10573-10574,10633,10645,10649-10652,10676,10721-10722,10738,10763-10764,10836-10837,10938,11009,11023,11027,11029,11034,11066,11070,11078,11082-11083,11087,11091,11143,11175,11203,11211,11325,11535
packages/admin/src/locales/de/messages.po
  s_d1b87a9d1cbff4::t_ec2cfdd4e790ee 52,60,72,77,165-169,232,269,285,300,315,378,398,469-472,557,561,793-795,799,807,819,823,840-841,1076-1079,1084-1092,1102,1273-1274,1293,1349-1352,1433,1437,1472,1498,1506,1549,1579,1605,1653-1656,1665,1726-1729,1750-1751,1791,1797-1799,1805,1861,1944,1949,1953,2036-2041,2194,2226,2375-2376,2380-2381,2394,2438,2655,2665,2678-2681,2774,2808,2825,2846,2980,3281,3300,3386-3387,3395,3458,3534,3547-3548,3552,3685,3689-3693,3751,3948,3961,3969,3981,4016,4036-4039,4048,4069,4073,4135-4139,4169,4173,4314,4335,4339,4405,4614,4655,4677,4747,4888,4896,4900,5051,5461,5570,5586,5597,5610,5627,5691,5903-5906,5910-5912,5940,5956-5957,5995,6220,6224,6565-6566,6572,6655-6658,6688,6692,6721,6807-6810,6933,7133,7329,7342-7343,7351,7572,7576-7577,7581,7585-7588,7593,7634,7642,7647,7660-7661,7731,7752,7763,7790,7794-7796,7798,7802,7810,7814-7816,7831-7832,7836,7840,7849,7853,7882,7886,7890,7894,7898,7902,7954,7962,7970-7973,7978-7979,7984,7988,8006,8102,8106,8116,8134,8139,8152,8156,8210,8265-8266,8279,8336,8423,8476,8479,8525,8529,8533-8537,8541,8545,8553,8630,8685,8698-8699,8756,8761,8769,8793,8797-8798,8830,8851,8856-8859,8881-8888,9060,9077,9081,9089,9119-9120,9141,9182,9235-9238,9299-9300,9374-9375,9455,9505-9508,9582,9705,9868-9869,9893-9896,9937-9940,9994,10006-10014,10020,10040-10043,10077,10095,10103,10107,10120,10124,10145,10216,10224,10236,10244,10252,10285,10289,10301,10323,10368-10371,10437,10442,10573-10574,10633,10645,10649-10652,10676,10721-10722,10738,10763-10764,10836-10837,10938,11009,11023,11027,11029,11034,11066,11070,11078,11082-11083,11087,11091,11143,11175,11203,11211,11325,11535
packages/admin/src/locales/en-GB/messages.po
  s_d1b87a9d1cbff4::t_03e068f0a74522 52,60,72,77,165-169,232,269,285,300,315,378,398,469-472,557,561,793-795,799,807,819,823,840-841,1076-1079,1084-1092,1102,1273-1274,1293,1349-1352,1433,1437,1472,1498,1506,1549,1579,1605,1653-1656,1665,1726-1729,1750-1751,1791,1797-1799,1805,1861,1944,1949,1953,2036-2041,2194,2226,2375-2376,2380-2381,2394,2438,2655,2665,2678-2681,2774,2808,2825,2846,2980,3281,3300,3386-3387,3395,3458,3534,3547-3548,3552,3685,3689-3693,3751,3948,3961,3969,3981,4016,4036-4039,4048,4069,4073,4135-4139,4169,4173,4314,4335,4339,4405,4614,4655,4677,4747,4888,4896,4900,5051,5461,5570,5586,5597,5610,5627,5691,5903-5906,5910-5912,5940,5956-5957,5995,6220,6224,6565-6566,6572,6655-6658,6688,6692,6721,6807-6810,6933,7133,7329,7342-7343,7351,7572,7576-7577,7581,7585-7588,7593,7634,7642,7647,7660-7661,7731,7752,7763,7790,7794-7795,7798,7802,7810,7814-7816,7831-7832,7836,7840,7849,7853,7882,7886,7890,7894,7898,7902,7954,7962,7970-7973,7978-7979,7984,7988,8006,8102,8106,8116,8134,8139,8152,8156,8210,8265-8266,8279,8336,8423,8476,8479,8525,8529,8533-8537,8541,8545,8553,8630,8685,8698-8699,8756,8761,8769,8793,8797-8798,8830,8851,8856-8859,8881-8888,9060,9077,9081,9089,9119-9120,9141,9182,9235-9238,9299-9300,9374-9375,9455,9505-9508,9582,9705,9868-9869,9893-9896,9937-9940,9994,10006-10014,10020,10040-10043,10077,10095,10103,10107,10120,10124,10145,10216,10224,10236,10244,10252,10285,10289,10301,10323,10368-10371,10437,10442,10573-10574,10633,10645,10649-10652,10676,10721-10722,10738,10763-10764,10836-10837,10938,11009,11023,11027,11029,11034,11066,11070,11078,11082-11083,11087,11091,11143,11175,11203,11211,11325,11535
packages/admin/src/locales/en/messages.po
  s_d1b87a9d1cbff4::t_3ee9a56691ed4e 52,60,72,77,165-169,232,269,285,300,315,378,398,469-472,557,561,793-795,799,807,819,823,840-841,1076-1079,1084-1092,1102,1273-1274,1293,1349-1352,1433,1437,1472,1498,1506,1549,1579,1605,1653-1656,1665,1726-1729,1750-1751,1791,1797-1799,1805,1861,1944,1949,1953,2036-2041,2194,2226,2375-2376,2380-2381,2394,2438,2655,2665,2678-2681,2774,2808,2825,2846,2980,3281,3300,3386-3387,3395,3458,3534,3547-3548,3552,3685,3689-3693,3751,3948,3961,3969,3981,4016,4036-4039,4048,4069,4073,4135-4139,4169,4173,4314,4335,4339,4405,4614,4655,4677,4747,4888,4896,4900,5051,5461,5570,5586,5597,5610,5627,5691,5903-5906,5910-5912,5940,5956-5957,5995,6220,6224,6565-6566,6572,6655-6658,6688,6692,6721,6807-6810,6933,7133,7329,7342-7343,7351,7572,7576-7577,7581,7585-7588,7593,7634,7642,7647,7660-7661,7731,7752,7763,7790,7794-7796,7798,7802,7810,7814-7816,7831-7832,7836,7840,7849,7853,7882,7886,7890,7894,7898,7902,7954,7962,7970-7973,7978-7979,7984,7988,8006,8102,8106,8116,8134,8139,8152,8156,8210,8265-8266,8279,8336,8423,8476,8479,8525,8529,8533-8537,8541,8545,8553,8630,8685,8698-8699,8756,8761,8769,8793,8797-8798,8830,8851,8856-8859,8881-8888,9060,9077,9081,9089,9119-9120,9141,9182,9235-9238,9299-9300,9374-9375,9455,9505-9508,9582,9705,9868-9869,9893-9896,9937-9940,9994,10006-10014,10020,10040-10043,10077,10095,10103,10107,10120,10124,10145,10216,10224,10236,10244,10252,10285,10289,10301,10323,10368-10371,10437,10442,10573-10574,10633,10645,10649-10652,10676,10721-10722,10738,10763-10764,10836-10837,10938,11009,11023,11027,11029,11034,11066,11070,11078,11082-11083,11087,11091,11143,11175,11203,11211,11325,11535
packages/admin/src/locales/es-419/messages.po
  s_d1b87a9d1cbff4::t_0960ee76cec17b 52,60,72,77,165-169,232,269,285,300,315,378,398,469-472,557,561,793-795,799,807,819,823,840-841,1076-1079,1084-1092,1102,1273-1274,1293,1349-1352,1433,1437,1472,1498,1506,1549,1579,1605,1653-1656,1665,1726-1729,1750-1751,1791,1797-1799,1805,1861,1944,1949,1953,2036-2041,2194,2226,2375-2376,2380-2381,2394,2438,2655,2665,2678-2681,2774,2808,2825,2846,2980,3281,3300,3386-3387,3395,3458,3534,3547-3548,3552,3685,3689-3693,3751,3948,3961,3969,3981,4016,4036-4039,4048,4069,4073,4135-4139,4169,4173,4314,4335,4339,4405,4614,4655,4677,4747,4888,4896,4900,5051,5461,5570,5586,5597,5610,5627,5691,5903-5906,5910-5912,5940,5956-5957,5995,6220,6224,6565-6566,6572,6655-6658,6688,6692,6721,6807-6810,6933,7133,7329,7342-7343,7351,7572,7576-7577,7581,7585-7588,7593,7634,7642,7647,7660-7661,7731,7752,7763,7790,7794-7795,7798,7802,7810,7814-7816,7831-7832,7836,7840,7849,7853,7882,7886,7890,7894,7898,7902,7954,7962,7970-7973,7978-7979,7984,7988,8006,8102,8106,8116,8134,8139,8152,8156,8210,8265-8266,8279,8336,8423,8476,8479,8525,8529,8533-8537,8541,8545,8553,8630,8685,8698-8699,8756,8761,8769,8793,8797-8798,8830,8851,8856-8859,8881-8888,9060,9077,9081,9089,9119-9120,9141,9182,9235-9238,9299-9300,9374-9375,9455,9505-9508,9582,9705,9868-9869,9893-9896,9937-9940,9994,10006-10014,10020,10040-10043,10077,10095,10103,10107,10120,10124,10145,10216,10224,10236,10244,10252,10285,10289,10301,10323,10368-10371,10437,10442,10573-10574,10633,10645,10649-10652,10676,10721-10722,10738,10763-10764,10836-10837,10938,11009,11023,11027,11029,11034,11066,11070,11078,11082-11083,11087,11091,11143,11175,11203,11211,11325,11535
packages/admin/src/locales/es-ES/messages.po
  s_d1b87a9d1cbff4::t_6d6f9b90f603aa 52,60,72,77,165-169,232,269,285,300,315,378,398,469-472,557,561,793-795,799,807,819,823,840-841,1076-1079,1084-1092,1102,1273-1274,1293,1349-1352,1433,1437,1472,1498,1506,1549,1579,1605,1653-1656,1665,1726-1729,1750-1751,1791,1797-1799,1805,1861,1944,1949,1953,2036-2041,2194,2226,2375-2376,2380-2381,2394,2438,2655,2665,2678-2681,2774,2808,2825,2846,2980,3281,3300,3386-3387,3395,3458,3534,3547-3548,3552,3685,3689-3693,3751,3945,3958,3966,3978,4013,4033-4036,4045,4066,4070,4132-4136,4166,4170,4311,4332,4336,4402,4611,4652,4674,4744,4885,4893,4897,5048,5458,5567,5583,5594,5607,5624,5688,5900-5903,5907-5909,5937,5953-5954,5992,6217,6221,6562-6563,6569,6652-6655,6685,6689,6718,6804-6807,6930,7130,7326,7339-7340,7348,7569,7573-7574,7578,7582-7585,7590,7631,7639,7644,7657-7658,7728,7749,7760,7787,7791-7792,7795,7799,7807,7811-7813,7828-7829,7833,7837,7846,7850,7879,7883,7887,7891,7895,7899,7951,7959,7967-7970,7975-7976,7981,7985,8003,8099,8103,8113,8131,8136,8149,8153,8207,8262-8263,8276,8333,8420,8473,8476,8522,8526,8530-8534,8538,8542,8550,8627,8682,8695-8696,8753,8758,8766,8790,8794-8795,8827,8848,8853-8856,8878-8885,9057,9074,9078,9086,9116-9117,9138,9179,9232-9235,9296-9297,9371-9372,9452,9502-9505,9579,9702,9865-9866,9890-9893,9934-9937,9991,10003-10011,10017,10037-10040,10074,10092,10100,10104,10117,10121,10142,10213,10221,10233,10241,10249,10282,10286,10298,10320,10365-10368,10434,10439,10570-10571,10630,10642,10646-10649,10673,10718-10719,10735,10760-10761,10833-10834,10935,11006,11020,11024,11026,11031,11063,11067,11075,11079-11080,11084,11088,11140,11172,11200,11208,11322,11532
packages/admin/src/locales/eu/messages.po
  s_d1b87a9d1cbff4::t_a3bf6bbccc5467 52,60,72,77,165-169,232,269,285,300,315,378,398,469-472,557,561,793-795,799,807,819,823,840-841,1076-1079,1084-1092,1102,1273-1274,1293,1349-1352,1433,1437,1472,1498,1506,1549,1579,1605,1653-1656,1665,1726-1729,1750-1751,1791,1797-1799,1805,1861,1944,1949,1953,2036-2041,2194,2226,2375-2376,2380-2381,2394,2438,2655,2665,2678-2681,2774,2808,2825,2846,2980,3281,3300,3386-3387,3395,3458,3534,3547-3548,3552,3685,3689-3693,3751,3945,3958,3966,3978,4013,4033-4036,4045,4066,4070,4132-4136,4166,4170,4311,4332,4336,4402,4611,4652,4674,4744,4885,4893,4897,5048,5458,5567,5583,5594,5607,5624,5688,5900-5903,5907-5909,5937,5953-5954,5992,6217,6221,6562-6563,6569,6652-6655,6685,6689,6718,6804-6807,6930,7130,7323,7336-7337,7345,7566,7570-7571,7575,7579-7582,7587,7628,7636,7641,7654-7655,7725,7746,7757,7784,7788-7789,7792,7796,7804,7808-7810,7825-7826,7830,7834,7843,7847,7876,7880,7884,7888,7892,7896,7948,7956,7964-7967,7972-7973,7978,7982,8000,8096,8100,8110,8128,8133,8146,8150,8204,8259-8260,8273,8330,8417,8470,8473,8519,8523,8527-8531,8535,8539,8547,8624,8679,8692-8693,8750,8755,8763,8787,8791-8792,8824,8845,8850-8853,8875-8882,9054,9071,9075,9083,9113-9114,9135,9176,9229-9232,9293-9294,9368-9369,9449,9499-9502,9576,9699,9862-9863,9887-9890,9931-9934,9988,10000-10008,10014,10034-10037,10071,10089,10097,10101,10114,10118,10139,10210,10218,10230,10238,10246,10279,10283,10295,10317,10362-10365,10431,10436,10567-10568,10627,10639,10643-10646,10670,10715-10716,10732,10757-10758,10830-10831,10932,11003,11017,11021,11023,11028,11060,11064,11072,11076-11077,11081,11085,11137,11169,11197,11205,11319,11529
packages/admin/src/locales/fa/messages.po
  s_d1b87a9d1cbff4::t_f7a81f16378499 54,62,74,79,167-171,234,271,287,302,317,380,400,471-474,559,563,795-797,801,809,821,825,842-843,1078-1081,1086-1094,1104,1275-1276,1295,1351-1354,1435,1439,1474,1500,1508,1551,1581,1607,1655-1658,1667,1728-1731,1752-1753,1793,1799-1801,1807,1863,1946,1951,1955,2038-2043,2196,2228,2377-2378,2382-2383,2396,2440,2657,2667,2680-2683,2776,2810,2827,2848,2982,3283,3302,3388-3389,3397,3460,3536,3549-3550,3554,3687,3691-3695,3753,3947,3960,3968,3980,4015,4035-4038,4047,4068,4072,4134-4138,4168,4172,4313,4334,4338,4404,4613,4654,4676,4746,4887,4895,4899,5050,5460,5569,5585,5596,5609,5626,5690,5902-5905,5909-5911,5939,5955-5956,5994,6219,6223,6564-6565,6571,6654-6657,6687,6691,6720,6806-6809,6932,7132,7325,7338-7339,7347,7568,7572-7573,7577,7581-7584,7589,7630,7638,7643,7656-7657,7727,7748,7759,7786,7790-7791,7794,7798,7806,7810-7812,7827-7828,7832,7836,7845,7849,7878,7882,7886,7890,7894,7898,7950,7958,7966-7969,7974-7975,7980,7984,8002,8098,8102,8112,8130,8135,8148,8152,8206,8261-8262,8275,8332,8419,8472,8475,8521,8525,8529-8533,8537,8541,8549,8626,8681,8694-8695,8752,8757,8765,8789,8793-8794,8826,8847,8852-8855,8877-8884,9056,9073,9077,9085,9115-9116,9137,9178,9231-9234,9295-9296,9370-9371,9451,9501-9504,9578,9701,9864-9865,9889-9892,9933-9936,9990,10002-10010,10016,10036-10039,10073,10091,10099,10103,10116,10120,10141,10212,10220,10232,10240,10248,10281,10285,10297,10319,10364-10367,10433,10438,10569-10570,10629,10641,10645-10648,10672,10717-10718,10734,10759-10760,10832-10833,10934,11005,11019,11023,11025,11030,11062,11066,11074,11078-11079,11083,11087,11139,11171,11199,11207,11321,11531
packages/admin/src/locales/fr/messages.po
  s_d1b87a9d1cbff4::t_439925da3ce51f 52,60,72,77,165-169,232,269,285,300,315,378,398,469-472,557,561,793-795,799,807,819,823,840-841,1076-1079,1084-1092,1102,1273-1274,1293,1349-1352,1433,1437,1472,1498,1506,1549,1579,1605,1653-1656,1665,1726-1729,1750-1751,1791,1797-1799,1805,1861,1944,1949,1953,2036-2041,2194,2226,2375-2376,2380-2381,2394,2438,2655,2665,2678-2681,2774,2808,2825,2846,2980,3281,3300,3386-3387,3395,3458,3534,3547-3548,3552,3685,3689-3693,3751,3948,3961,3969,3981,4016,4036-4039,4048,4069,4073,4135-4139,4169,4173,4314,4335,4339,4405,4614,4655,4677,4747,4888,4896,4900,5051,5461,5570,5586,5597,5610,5627,5691,5903-5906,5910-5912,5940,5956-5957,5995,6220,6224,6565-6566,6572,6655-6658,6688,6692,6721,6807-6810,6933,7133,7329,7342-7343,7351,7572,7576-7577,7581,7585-7588,7593,7634,7642,7647,7660-7661,7731,7752,7763,7790,7794-7795,7798,7802,7810,7814-7816,7831-7832,7836,7840,7849,7853,7882,7886,7890,7894,7898,7902,7954,7962,7970-7973,7978-7979,7984,7988,8006,8102,8106,8116,8134,8139,8152,8156,8210,8265-8266,8279,8336,8423,8476,8479,8525,8529,8533-8537,8541,8545,8553,8630,8685,8698-8699,8756,8761,8769,8793,8797-8798,8830,8851,8856-8859,8881-8888,9060,9077,9081,9089,9119-9120,9141,9182,9235-9238,9299-9300,9374-9375,9455,9505-9508,9582,9705,9868-9869,9893-9896,9937-9940,9994,10006-10014,10020,10040-10043,10077,10095,10103,10107,10120,10124,10145,10216,10224,10236,10244,10252,10285,10289,10301,10323,10368-10371,10437,10442,10573-10574,10633,10645,10649-10652,10676,10721-10722,10738,10763-10764,10836-10837,10938,11009,11023,11027,11029,11034,11066,11070,11078,11082-11083,11087,11091,11143,11175,11203,11211,11325,11535
packages/admin/src/locales/hi/messages.po
  s_d1b87a9d1cbff4::t_62512a987679e3 52,60,72,77,165-169,232,269,285,300,315,378,398,469-472,557,561,793-795,799,807,819,823,840-841,1076-1079,1084-1092,1102,1273-1274,1293,1349-1352,1433,1437,1472,1498,1506,1549,1579,1605,1653-1656,1665,1726-1729,1750-1751,1791,1797-1799,1805,1861,1944,1949,1953,2036-2041,2194,2226,2375-2376,2380-2381,2394,2438,2655,2665,2678-2681,2774,2808,2825,2846,2980,3281,3300,3386-3387,3395,3458,3534,3547-3548,3552,3685,3689-3693,3751,3948,3961,3969,3981,4016,4036-4039,4048,4069,4073,4135-4139,4169,4173,4314,4335,4339,4405,4614,4655,4677,4747,4888,4896,4900,5051,5461,5570,5586,5597,5610,5627,5691,5903-5906,5910-5912,5940,5956-5957,5995,6220,6224,6565-6566,6572,6655-6658,6688,6692,6721,6807-6810,6933,7133,7329,7342-7343,7351,7572,7576-7577,7581,7585-7588,7593,7634,7642,7647,7660-7661,7731,7752,7763,7790,7794-7795,7798,7802,7810,7814-7816,7831-7832,7836,7840,7849,7853,7882,7886,7890,7894,7898,7902,7954,7962,7970-7973,7978-7979,7984,7988,8006,8102,8106,8116,8134,8139,8152,8156,8210,8265-8266,8279,8336,8423,8476,8479,8525,8529,8533-8537,8541,8545,8553,8630,8685,8698-8699,8756,8761,8769,8793,8797-8798,8830,8851,8856-8859,8881-8888,9060,9077,9081,9089,9119-9120,9141,9182,9235-9238,9299-9300,9374-9375,9455,9505-9508,9582,9705,9868-9869,9893-9896,9937-9940,9994,10006-10014,10020,10040-10043,10077,10095,10103,10107,10120,10124,10145,10216,10224,10236,10244,10252,10285,10289,10301,10323,10368-10371,10437,10442,10573-10574,10633,10645,10649-10652,10676,10721-10722,10738,10763-10764,10836-10837,10938,11009,11023,11027,11029,11034,11066,11070,11078,11082-11083,11087,11091,11143,11175,11203,11211,11325,11535
packages/admin/src/locales/hu/messages.po
  s_d1b87a9d1cbff4::t_d1eb32d1b90a90 52,60,72,77,165-169,232,269,285,300,315,378,398,469-472,557,561,793-795,799,807,819,823,840-841,1076-1079,1084-1092,1102,1273-1274,1293,1349-1352,1433,1437,1472,1498,1506,1549,1579,1605,1653-1656,1665,1726-1729,1750-1751,1791,1797-1799,1805,1861,1944,1949,1953,2036-2041,2194,2226,2375-2376,2380-2381,2394,2438,2655,2665,2678-2681,2774,2808,2825,2846,2980,3281,3300,3386-3387,3395,3458,3534,3547-3548,3552,3685,3689-3693,3751,3948,3961,3969,3981,4016,4036-4039,4048,4069,4073,4135-4139,4169,4173,4314,4335,4339,4405,4614,4655,4677,4747,4888,4896,4900,5051,5461,5570,5586,5597,5610,5627,5691,5903-5906,5910-5912,5940,5956-5957,5995,6220,6224,6565-6566,6572,6655-6658,6688,6692,6721,6807-6810,6933,7133,7329,7342-7343,7351,7572,7576-7577,7581,7585-7588,7593,7634,7642,7647,7660-7661,7731,7752,7763,7790,7794-7795,7798,7802,7810,7814-7816,7831-7832,7836,7840,7849,7853,7882,7886,7890,7894,7898,7902,7954,7962,7970-7973,7978-7979,7984,7988,8006,8102,8106,8116,8134,8139,8152,8156,8210,8265-8266,8279,8336,8423,8476,8479,8525,8529,8533-8537,8541,8545,8553,8630,8685,8698-8699,8756,8761,8769,8793,8797-8798,8830,8851,8856-8859,8881-8888,9060,9077,9081,9089,9119-9120,9141,9182,9235-9238,9299-9300,9374-9375,9455,9505-9508,9582,9705,9868-9869,9893-9896,9937-9940,9994,10006-10014,10020,10040-10043,10077,10095,10103,10107,10120,10124,10145,10216,10224,10236,10244,10252,10285,10289,10301,10323,10368-10371,10437,10442,10573-10574,10633,10645,10649-10652,10676,10721-10722,10738,10763-10764,10836-10837,10938,11009,11023,11027,11029,11034,11066,11070,11078,11082-11083,11087,11091,11143,11175,11203,11211,11325,11535
packages/admin/src/locales/id/messages.po
  s_d1b87a9d1cbff4::t_11d6f3215e4fec 52,60,72,77,165-169,232,269,285,300,315,378,398,469-472,557,561,793-795,799,807,819,823,840-841,1076-1079,1084-1092,1102,1273-1274,1293,1349-1352,1433,1437,1472,1498,1506,1549,1579,1605,1653-1656,1665,1726-1729,1750-1751,1791,1797-1799,1805,1861,1944,1949,1953,2036-2041,2194,2226,2375-2376,2380-2381,2394,2438,2655,2665,2678-2681,2774,2808,2825,2846,2980,3281,3300,3386-3387,3395,3458,3534,3547-3548,3552,3685,3689-3693,3751,3948,3961,3969,3981,4016,4036-4039,4048,4069,4073,4135-4139,4169,4173,4314,4335,4339,4405,4614,4655,4677,4747,4888,4896,4900,5051,5461,5570,5586,5597,5610,5627,5691,5903-5906,5910-5912,5940,5956-5957,5995,6220,6224,6565-6566,6572,6655-6658,6688,6692,6721,6807-6810,6933,7133,7329,7342-7343,7351,7572,7576-7577,7581,7585-7588,7593,7634,7642,7647,7660-7661,7731,7752,7763,7790,7794-7795,7798,7802,7810,7814-7816,7831-7832,7836,7840,7849,7853,7882,7886,7890,7894,7898,7902,7954,7962,7970-7973,7978-7979,7984,7988,8006,8102,8106,8116,8134,8139,8152,8156,8210,8265-8266,8279,8336,8423,8476,8479,8525,8529,8533-8537,8541,8545,8553,8630,8685,8698-8699,8756,8761,8769,8793,8797-8798,8830,8851,8856-8859,8881-8888,9060,9077,9081,9089,9119-9120,9141,9182,9235-9238,9299-9300,9374-9375,9455,9505-9508,9582,9705,9868-9869,9893-9896,9937-9940,9994,10006-10014,10020,10040-10043,10077,10095,10103,10107,10120,10124,10145,10216,10224,10236,10244,10252,10285,10289,10301,10323,10368-10371,10437,10442,10573-10574,10633,10645,10649-10652,10676,10721-10722,10738,10763-10764,10836-10837,10938,11009,11023,11027,11029,11034,11066,11070,11078,11082-11083,11087,11091,11143,11175,11203,11211,11325,11535
packages/admin/src/locales/ja/messages.po
  s_d1b87a9d1cbff4::t_46a60cb56df46f 52,60,72,77,165-169,232,269,285,300,315,378,398,469-472,557,561,793-795,799,807,819,823,840-841,1076-1079,1084-1092,1102,1273-1274,1293,1349-1352,1433,1437,1472,1498,1506,1549,1579,1605,1653-1656,1665,1726-1729,1750-1751,1791,1797-1799,1805,1861,1944,1949,1953,2036-2041,2194,2226,2375-2376,2380-2381,2394,2438,2655,2665,2678-2681,2774,2808,2825,2846,2980,3281,3300,3386-3387,3395,3458,3534,3547-3548,3552,3685,3689-3693,3751,3948,3961,3969,3981,4016,4036-4039,4048,4069,4073,4135-4139,4169,4173,4314,4335,4339,4405,4614,4655,4677,4747,4888,4896,4900,5051,5461,5570,5586,5597,5610,5627,5691,5903-5906,5910-5912,5940,5956-5957,5995,6220,6224,6565-6566,6572,6655-6658,6688,6692,6721,6807-6810,6933,7133,7329,7342-7343,7351,7572,7576-7577,7581,7585-7588,7593,7634,7642,7647,7660-7661,7731,7752,7763,7790,7794-7795,7798,7802,7810,7814-7816,7831-7832,7836,7840,7849,7853,7882,7886,7890,7894,7898,7902,7954,7962,7970-7973,7978-7979,7984,7988,8006,8102,8106,8116,8134,8139,8152,8156,8210,8265-8266,8279,8336,8423,8476,8479,8525,8529,8533-8537,8541,8545,8553,8630,8685,8698-8699,8756,8761,8769,8793,8797-8798,8830,8851,8856-8859,8881-8888,9060,9077,9081,9089,9119-9120,9141,9182,9235-9238,9299-9300,9374-9375,9455,9505-9508,9582,9705,9868-9869,9893-9896,9937-9940,9994,10006-10014,10020,10040-10043,10077,10095,10103,10107,10120,10124,10145,10216,10224,10236,10244,10252,10285,10289,10301,10323,10368-10371,10437,10442,10573-10574,10633,10645,10649-10652,10676,10721-10722,10738,10763-10764,10836-10837,10938,11009,11023,11027,11029,11034,11066,11070,11078,11082-11083,11087,11091,11143,11175,11203,11211,11325,11535
packages/admin/src/locales/ka/messages.po
  s_d1b87a9d1cbff4::t_3f5d145b7fab58 52,60,72,77,165-169,232,269,285,300,315,378,398,469-472,557,561,793-795,799,807,819,823,840-841,1076-1079,1084-1092,1102,1273-1274,1293,1349-1352,1433,1437,1472,1498,1506,1549,1579,1605,1653-1656,1665,1726-1729,1750-1751,1791,1797-1799,1805,1861,1944,1949,1953,2036-2041,2194,2226,2375-2376,2380-2381,2394,2438,2655,2665,2678-2681,2774,2808,2825,2846,2980,3281,3300,3386-3387,3395,3458,3534,3547-3548,3552,3685,3689-3693,3751,3948,3961,3969,3981,4016,4036-4039,4048,4069,4073,4135-4139,4169,4173,4314,4335,4339,4405,4614,4655,4677,4747,4888,4896,4900,5051,5461,5570,5586,5597,5610,5627,5691,5903-5906,5910-5912,5940,5956-5957,5995,6220,6224,6565-6566,6572,6655-6658,6688,6692,6721,6807-6810,6933,7133,7329,7342-7343,7351,7572,7576-7577,7581,7585-7588,7593,7634,7642,7647,7660-7661,7731,7752,7763,7790,7794-7796,7798,7802,7810,7814-7816,7831-7832,7836,7840,7849,7853,7882,7886,7890,7894,7898,7902,7954,7962,7970-7973,7978-7979,7984,7988,8006,8102,8106,8116,8134,8139,8152,8156,8210,8265-8266,8279,8336,8423,8476,8479,8525,8529,8533-8537,8541,8545,8553,8630,8685,8698-8699,8756,8761,8769,8793,8797-8798,8830,8851,8856-8859,8881-8888,9060,9077,9081,9089,9119-9120,9141,9182,9235-9238,9299-9300,9374-9375,9455,9505-9508,9582,9705,9868-9869,9893-9896,9937-9940,9994,10006-10014,10020,10040-10043,10077,10095,10103,10107,10120,10124,10145,10216,10224,10236,10244,10252,10285,10289,10301,10323,10368-10371,10437,10442,10573-10574,10633,10645,10649-10652,10676,10721-10722,10738,10763-10764,10836-10837,10938,11009,11023,11027,11029,11034,11066,11070,11078,11082-11083,11087,11091,11143,11175,11203,11211,11325,11535
packages/admin/src/locales/ko/messages.po
  s_d1b87a9d1cbff4::t_0c96edaf0abf13 52,60,72,77,165-169,232,269,285,300,315,378,398,469-472,557,561,793-795,799,807,819,823,840-841,1076-1079,1084-1092,1102,1273-1274,1293,1349-1352,1433,1437,1472,1498,1506,1549,1579,1605,1653-1656,1665,1726-1729,1750-1751,1791,1797-1799,1805,1861,1944,1949,1953,2036-2041,2194,2226,2375-2376,2380-2381,2394,2438,2655,2665,2678-2681,2774,2808,2825,2846,2980,3281,3300,3386-3387,3395,3458,3534,3547-3548,3552,3685,3689-3693,3751,3945,3958,3966,3978,4013,4033-4036,4045,4066,4070,4132-4136,4166,4170,4311,4332,4336,4402,4611,4652,4674,4744,4885,4893,4897,5048,5458,5567,5583,5594,5607,5624,5688,5900-5903,5907-5909,5937,5953-5954,5992,6217,6221,6562-6563,6569,6652-6655,6685,6689,6718,6804-6807,6930,7130,7323,7336-7337,7345,7566,7570-7571,7575,7579-7582,7587,7628,7636,7641,7654-7655,7725,7746,7757,7784,7788-7789,7792,7796,7804,7808-7810,7825-7826,7830,7834,7843,7847,7876,7880,7884,7888,7892,7896,7948,7956,7964-7967,7972-7973,7978,7982,8000,8096,8100,8110,8128,8133,8146,8150,8204,8259-8260,8273,8330,8417,8470,8473,8519,8523,8527-8531,8535,8539,8547,8624,8679,8692-8693,8750,8755,8763,8787,8791-8792,8824,8845,8850-8853,8875-8882,9054,9071,9075,9083,9113-9114,9135,9176,9229-9232,9293-9294,9368-9369,9449,9499-9502,9576,9699,9862-9863,9887-9890,9931-9934,9988,10000-10008,10014,10034-10037,10071,10089,10097,10101,10114,10118,10139,10210,10218,10230,10238,10246,10279,10283,10295,10317,10362-10365,10431,10436,10567-10568,10627,10639,10643-10646,10670,10715-10716,10732,10757-10758,10830-10831,10932,11003,11017,11021,11023,11028,11060,11064,11072,11076-11077,11081,11085,11137,11169,11197,11205,11319,11529
packages/admin/src/locales/nb/messages.po
  s_d1b87a9d1cbff4::t_d0b26a77d393c2 52,60,72,77,165-169,232,269,285,300,315,378,398,469-472,557,561,793-795,799,807,819,823,840-841,1076-1079,1084-1092,1102,1273-1274,1293,1349-1352,1433,1437,1472,1498,1506,1549,1579,1605,1653-1656,1665,1726-1729,1750-1751,1791,1797-1799,1805,1861,1944,1949,1953,2036-2041,2194,2226,2375-2376,2380-2381,2394,2438,2655,2665,2678-2681,2774,2808,2825,2846,2980,3281,3300,3386-3387,3395,3458,3534,3547-3548,3552,3685,3689-3693,3751,3948,3961,3969,3981,4016,4036-4039,4048,4069,4073,4135-4139,4169,4173,4314,4335,4339,4405,4614,4655,4677,4747,4888,4896,4900,5051,5461,5570,5586,5597,5610,5627,5691,5903-5906,5910-5912,5940,5956-5957,5995,6220,6224,6565-6566,6572,6655-6658,6688,6692,6721,6807-6810,6933,7133,7329,7342-7343,7351,7572,7576-7577,7581,7585-7588,7593,7634,7642,7647,7660-7661,7731,7752,7763,7790,7794-7795,7798,7802,7810,7814-7816,7831-7832,7836,7840,7849,7853,7882,7886,7890,7894,7898,7902,7954,7962,7970-7973,7978-7979,7984,7988,8006,8102,8106,8116,8134,8139,8152,8156,8210,8265-8266,8279,8336,8423,8476,8479,8525,8529,8533-8537,8541,8545,8553,8630,8685,8698-8699,8756,8761,8769,8793,8797-8798,8830,8851,8856-8859,8881-8888,9060,9077,9081,9089,9119-9120,9141,9182,9235-9238,9299-9300,9374-9375,9455,9505-9508,9582,9705,9868-9869,9893-9896,9937-9940,9994,10006-10014,10020,10040-10043,10077,10095,10103,10107,10120,10124,10145,10216,10224,10236,10244,10252,10285,10289,10301,10323,10368-10371,10437,10442,10573-10574,10633,10645,10649-10652,10676,10721-10722,10738,10763-10764,10836-10837,10938,11009,11023,11027,11029,11034,11066,11070,11078,11082-11083,11087,11091,11143,11175,11203,11211,11325,11535
packages/admin/src/locales/nl/messages.po
  s_d1b87a9d1cbff4::t_2d875ab4b81149 52,60,72,77,165-169,232,269,285,300,315,378,398,469-472,557,561,793-795,799,807,819,823,840-841,1076-1079,1084-1092,1102,1273-1274,1293,1349-1352,1433,1437,1472,1498,1506,1549,1579,1605,1653-1656,1665,1726-1729,1750-1751,1791,1797-1799,1805,1861,1944,1949,1953,2036-2041,2194,2226,2375-2376,2380-2381,2394,2438,2655,2665,2678-2681,2774,2808,2825,2846,2980,3281,3300,3386-3387,3395,3458,3534,3547-3548,3552,3685,3689-3693,3751,3948,3961,3969,3981,4016,4036-4039,4048,4069,4073,4135-4139,4169,4173,4314,4335,4339,4405,4614,4655,4677,4747,4888,4896,4900,5051,5461,5570,5586,5597,5610,5627,5691,5903-5906,5910-5912,5940,5956-5957,5995,6220,6224,6565-6566,6572,6655-6658,6688,6692,6721,6807-6810,6933,7133,7329,7342-7343,7351,7572,7576-7577,7581,7585-7588,7593,7634,7642,7647,7660-7661,7731,7752,7763,7790,7794-7795,7798,7802,7810,7814-7816,7831-7832,7836,7840,7849,7853,7882,7886,7890,7894,7898,7902,7954,7962,7970-7973,7978-7979,7984,7988,8006,8102,8106,8116,8134,8139,8152,8156,8210,8265-8266,8279,8336,8423,8476,8479,8525,8529,8533-8537,8541,8545,8553,8630,8685,8698-8699,8756,8761,8769,8793,8797-8798,8830,8851,8856-8859,8881-8888,9060,9077,9081,9089,9119-9120,9141,9182,9235-9238,9299-9300,9374-9375,9455,9505-9508,9582,9705,9868-9869,9893-9896,9937-9940,9994,10006-10014,10020,10040-10043,10077,10095,10103,10107,10120,10124,10145,10216,10224,10236,10244,10252,10285,10289,10301,10323,10368-10371,10437,10442,10573-10574,10633,10645,10649-10652,10676,10721-10722,10738,10763-10764,10836-10837,10938,11009,11023,11027,11029,11034,11066,11070,11078,11082-11083,11087,11091,11143,11175,11203,11211,11325,11535
packages/admin/src/locales/pl/messages.po
  s_d1b87a9d1cbff4::t_1f4767ec2a0f7c 52,60,72,77,165-169,232,269,285,300,315,378,398,469-472,557,561,793-795,799,807,819,823,840-841,1076-1079,1084-1092,1102,1273-1274,1293,1349-1352,1433,1437,1472,1498,1506,1549,1579,1605,1653-1656,1665,1726-1729,1750-1751,1791,1797-1799,1805,1861,1944,1949,1953,2036-2041,2194,2226,2375-2376,2380-2381,2394,2438,2655,2665,2678-2681,2774,2808,2825,2846,2980,3281,3300,3386-3387,3395,3458,3534,3547-3548,3552,3685,3689-3693,3751,3945,3958,3966,3978,4013,4033-4036,4045,4066,4070,4132-4136,4166,4170,4311,4332,4336,4402,4611,4652,4674,4744,4885,4893,4897,5048,5458,5567,5583,5594,5607,5624,5688,5900-5903,5907-5909,5937,5953-5954,5992,6217,6221,6562-6563,6569,6652-6655,6685,6689,6718,6804-6807,6930,7130,7323,7336-7337,7345,7566,7570-7571,7575,7579-7582,7587,7628,7636,7641,7654-7655,7725,7746,7757,7784,7788-7789,7792,7796,7804,7808-7810,7825-7826,7830,7834,7843,7847,7876,7880,7884,7888,7892,7896,7948,7956,7964-7967,7972-7973,7978,7982,8000,8096,8100,8110,8128,8133,8146,8150,8204,8259-8260,8273,8330,8417,8470,8473,8519,8523,8527-8531,8535,8539,8547,8624,8679,8692-8693,8750,8755,8763,8787,8791-8792,8824,8845,8850-8853,8875-8882,9054,9071,9075,9083,9113-9114,9135,9176,9229-9232,9293-9294,9368-9369,9449,9499-9502,9576,9699,9862-9863,9887-9890,9931-9934,9988,10000-10008,10014,10034-10037,10071,10089,10097,10101,10114,10118,10139,10210,10218,10230,10238,10246,10279,10283,10295,10317,10362-10365,10431,10436,10567-10568,10627,10639,10643-10646,10670,10715-10716,10732,10757-10758,10830-10831,10932,11003,11017,11021,11023,11028,11060,11064,11072,11076-11077,11081,11085,11137,11169,11197,11205,11319,11529
packages/admin/src/locales/pseudo/messages.po
  s_d1b87a9d1cbff4::t_92077629a23717 52,60,72,77,165-169,232,269,285,300,315,378,398,469-472,557,561,793-795,799,807,819,823,840-841,1076-1079,1084-1092,1102,1273-1274,1293,1349-1352,1433,1437,1472,1498,1506,1549,1579,1605,1653-1656,1665,1726-1729,1750-1751,1791,1797-1799,1805,1861,1944,1949,1953,2036-2041,2194,2226,2375-2376,2380-2381,2394,2438,2655,2665,2678-2681,2774,2808,2825,2846,2980,3281,3300,3386-3387,3395,3458,3534,3547-3548,3552,3685,3689-3693,3751,3945,3958,3966,3978,4013,4033-4036,4045,4066,4070,4132-4136,4166,4170,4311,4332,4336,4402,4611,4652,4674,4744,4885,4893,4897,5048,5458,5567,5583,5594,5607,5624,5688,5900-5903,5907-5909,5937,5953-5954,5992,6217,6221,6562-6563,6569,6652-6655,6685,6689,6718,6804-6807,6930,7130,7323,7336-7337,7345,7566,7570-7571,7575,7579-7582,7587,7628,7636,7641,7654-7655,7725,7746,7757,7784,7788-7789,7792,7796,7804,7808-7810,7825-7826,7830,7834,7843,7847,7876,7880,7884,7888,7892,7896,7948,7956,7964-7967,7972-7973,7978,7982,8000,8096,8100,8110,8128,8133,8146,8150,8204,8259-8260,8273,8330,8417,8470,8473,8519,8523,8527-8531,8535,8539,8547,8624,8679,8692-8693,8750,8755,8763,8787,8791-8792,8824,8845,8850-8853,8875-8882,9054,9071,9075,9083,9113-9114,9135,9176,9229-9232,9293-9294,9368-9369,9449,9499-9502,9576,9699,9862-9863,9887-9890,9931-9934,9988,10000-10008,10014,10034-10037,10071,10089,10097,10101,10114,10118,10139,10210,10218,10230,10238,10246,10279,10283,10295,10317,10362-10365,10431,10436,10567-10568,10627,10639,10643-10646,10670,10715-10716,10732,10757-10758,10830-10831,10932,11003,11017,11021,11023,11028,11060,11064,11072,11076-11077,11081,11085,11137,11169,11197,11205,11319,11529
packages/admin/src/locales/pt-BR/messages.po
  s_d1b87a9d1cbff4::t_b9b6a106680986 52,60,72,77,165-169,232,269,285,300,315,378,398,469-472,557,561,793-795,799,807,819,823,840-841,1076-1079,1084-1092,1102,1273-1274,1293,1349-1352,1433,1437,1472,1498,1506,1549,1579,1605,1653-1656,1665,1726-1729,1750-1751,1791,1797-1799,1805,1861,1944,1949,1953,2036-2041,2194,2226,2375-2376,2380-2381,2394,2438,2655,2665,2678-2681,2774,2808,2825,2846,2980,3281,3300,3386-3387,3395,3458,3534,3547-3548,3552,3685,3689-3693,3751,3948,3961,3969,3981,4016,4036-4039,4048,4069,4073,4135-4139,4169,4173,4314,4335,4339,4405,4614,4655,4677,4747,4888,4896,4900,5051,5461,5570,5586,5597,5610,5627,5691,5903-5906,5910-5912,5940,5956-5957,5995,6220,6224,6565-6566,6572,6655-6658,6688,6692,6721,6807-6810,6933,7133,7329,7342-7343,7351,7572,7576-7577,7581,7585-7588,7593,7634,7642,7647,7660-7661,7731,7752,7763,7790,7794-7796,7798,7802,7810,7814-7816,7831-7832,7836,7840,7849,7853,7882,7886,7890,7894,7898,7902,7954,7962,7970-7973,7978-7979,7984,7988,8006,8102,8106,8116,8134,8139,8152,8156,8210,8265-8266,8279,8336,8423,8476,8479,8525,8529,8533-8537,8541,8545,8553,8630,8685,8698-8699,8756,8761,8769,8793,8797-8798,8830,8851,8856-8859,8881-8888,9060,9077,9081,9089,9119-9120,9141,9182,9235-9238,9299-9300,9374-9375,9455,9505-9508,9582,9705,9868-9869,9893-9896,9937-9940,9994,10006-10014,10020,10040-10043,10077,10095,10103,10107,10120,10124,10145,10216,10224,10236,10244,10252,10285,10289,10301,10323,10368-10371,10437,10442,10573-10574,10633,10645,10649-10652,10676,10721-10722,10738,10763-10764,10836-10837,10938,11009,11023,11027,11029,11034,11066,11070,11078,11082-11083,11087,11091,11143,11175,11203,11211,11325,11535
packages/admin/src/locales/sr-Latn/messages.po
  s_d1b87a9d1cbff4::t_f20834b1cf7f8a 52,60,72,77,165-169,232,269,285,300,315,378,398,469-472,557,561,793-795,799,807,819,823,840-841,1076-1079,1084-1092,1102,1273-1274,1293,1349-1352,1433,1437,1472,1498,1506,1549,1579,1605,1653-1656,1665,1726-1729,1750-1751,1791,1797-1799,1805,1861,1944,1949,1953,2036-2041,2194,2226,2375-2376,2380-2381,2394,2438,2655,2665,2678-2681,2774,2808,2825,2846,2980,3281,3300,3386-3387,3395,3458,3534,3547-3548,3552,3685,3689-3693,3751,3948,3961,3969,3981,4016,4036-4039,4048,4069,4073,4135-4139,4169,4173,4314,4335,4339,4405,4614,4655,4677,4747,4888,4896,4900,5051,5461,5570,5586,5597,5610,5627,5691,5903-5906,5910-5912,5940,5956-5957,5995,6220,6224,6565-6566,6572,6655-6658,6688,6692,6721,6807-6810,6933,7133,7329,7342-7343,7351,7572,7576-7577,7581,7585-7588,7593,7634,7642,7647,7660-7661,7731,7752,7763,7790,7794-7795,7798,7802,7810,7814-7816,7831-7832,7836,7840,7849,7853,7882,7886,7890,7894,7898,7902,7954,7962,7970-7973,7978-7979,7984,7988,8006,8102,8106,8116,8134,8139,8152,8156,8210,8265-8266,8279,8336,8423,8476,8479,8525,8529,8533-8537,8541,8545,8553,8630,8685,8698-8699,8756,8761,8769,8793,8797-8798,8830,8851,8856-8859,8881-8888,9060,9077,9081,9089,9119-9120,9141,9182,9235-9238,9299-9300,9374-9375,9455,9505-9508,9582,9705,9868-9869,9893-9896,9937-9940,9994,10006-10014,10020,10040-10043,10077,10095,10103,10107,10120,10124,10145,10216,10224,10236,10244,10252,10285,10289,10301,10323,10368-10371,10437,10442,10573-10574,10633,10645,10649-10652,10676,10721-10722,10738,10763-10764,10836-10837,10938,11009,11023,11027,11029,11034,11066,11070,11078,11082-11083,11087,11091,11143,11175,11203,11211,11325,11535
packages/admin/src/locales/sv/messages.po
  s_d1b87a9d1cbff4::t_7262d88094e3cb 52,60,72,77,165-169,232,269,285,300,315,378,398,469-472,557,561,793-795,799,807,819,823,840-841,1076-1079,1084-1092,1102,1273-1274,1293,1349-1352,1433,1437,1472,1498,1506,1549,1579,1605,1653-1656,1665,1726-1729,1750-1751,1791,1797-1799,1805,1861,1944,1949,1953,2036-2041,2194,2226,2375-2376,2380-2381,2394,2438,2655,2665,2678-2681,2774,2808,2825,2846,2980,3281,3300,3386-3387,3395,3458,3534,3547-3548,3552,3685,3689-3693,3751,3948,3961,3969,3981,4016,4036-4039,4048,4069,4073,4135-4139,4169,4173,4314,4335,4339,4405,4614,4655,4677,4747,4888,4896,4900,5051,5461,5570,5586,5597,5610,5627,5691,5903-5906,5910-5912,5940,5956-5957,5995,6220,6224,6565-6566,6572,6655-6658,6688,6692,6721,6807-6810,6933,7133,7329,7342-7343,7351,7572,7576-7577,7581,7585-7588,7593,7634,7642,7647,7660-7661,7731,7752,7763,7790,7794-7795,7798,7802,7810,7814-7816,7831-7832,7836,7840,7849,7853,7882,7886,7890,7894,7898,7902,7954,7962,7970-7973,7978-7979,7984,7988,8006,8102,8106,8116,8134,8139,8152,8156,8210,8265-8266,8279,8336,8423,8476,8479,8525,8529,8533-8537,8541,8545,8553,8630,8685,8698-8699,8756,8761,8769,8793,8797-8798,8830,8851,8856-8859,8881-8888,9060,9077,9081,9089,9119-9120,9141,9182,9235-9238,9299-9300,9374-9375,9455,9505-9508,9582,9705,9868-9869,9893-9896,9937-9940,9994,10006-10014,10020,10040-10043,10077,10095,10103,10107,10120,10124,10145,10216,10224,10236,10244,10252,10285,10289,10301,10323,10368-10371,10437,10442,10573-10574,10633,10645,10649-10652,10676,10721-10722,10738,10763-10764,10836-10837,10938,11009,11023,11027,11029,11034,11066,11070,11078,11082-11083,11087,11091,11143,11175,11203,11211,11325,11535
packages/admin/src/locales/th/messages.po
  s_d1b87a9d1cbff4::t_a29f2fa0006550 52,60,72,77,165-169,232,269,285,300,315,378,398,469-472,557,561,793-795,799,807,819,823,840-841,1076-1079,1084-1092,1102,1273-1274,1293,1349-1352,1433,1437,1472,1498,1506,1549,1579,1605,1653-1656,1665,1726-1729,1750-1751,1791,1797-1799,1805,1861,1944,1949,1953,2036-2041,2194,2226,2375-2376,2380-2381,2394,2438,2655,2665,2678-2681,2774,2808,2825,2846,2980,3281,3300,3386-3387,3395,3458,3534,3547-3548,3552,3685,3689-3693,3751,3945,3958,3966,3978,4013,4033-4036,4045,4066,4070,4132-4136,4166,4170,4311,4332,4336,4402,4611,4652,4674,4744,4885,4893,4897,5048,5458,5567,5583,5594,5607,5624,5688,5900-5903,5907-5909,5937,5953-5954,5992,6217,6221,6562-6563,6569,6652-6655,6685,6689,6718,6804-6807,6930,7130,7326,7339-7340,7348,7569,7573-7574,7578,7582-7585,7590,7631,7639,7644,7657-7658,7728,7749,7760,7787,7791-7792,7795,7799,7807,7811-7813,7828-7829,7833,7837,7846,7850,7879,7883,7887,7891,7895,7899,7951,7959,7967-7970,7975-7976,7981,7985,8003,8099,8103,8113,8131,8136,8149,8153,8207,8262-8263,8276,8333,8420,8473,8476,8522,8526,8530-8534,8538,8542,8550,8627,8682,8695-8696,8753,8758,8766,8790,8794-8795,8827,8848,8853-8856,8878-8885,9057,9074,9078,9086,9116-9117,9138,9179,9232-9235,9296-9297,9371-9372,9452,9502-9505,9579,9702,9865-9866,9890-9893,9934-9937,9991,10003-10011,10017,10037-10040,10074,10092,10100,10104,10117,10121,10142,10213,10221,10233,10241,10249,10282,10286,10298,10320,10365-10368,10434,10439,10570-10571,10630,10642,10646-10649,10673,10718-10719,10735,10760-10761,10833-10834,10935,11006,11020,11024,11026,11031,11063,11067,11075,11079-11080,11084,11088,11140,11172,11200,11208,11322,11532
packages/admin/src/locales/tr/messages.po
  s_d1b87a9d1cbff4::t_c5f47668896cc3 52,60,72,77,165-169,232,269,285,300,315,378,398,469-472,557,561,793-795,799,807,819,823,840-841,1076-1079,1084-1092,1102,1273-1274,1293,1349-1352,1433,1437,1472,1498,1506,1549,1579,1605,1653-1656,1665,1726-1729,1750-1751,1791,1797-1799,1805,1861,1944,1949,1953,2036-2041,2194,2226,2375-2376,2380-2381,2394,2438,2655,2665,2678-2681,2774,2808,2825,2846,2980,3281,3300,3386-3387,3395,3458,3534,3547-3548,3552,3685,3689-3693,3751,3948,3961,3969,3981,4016,4036-4039,4048,4069,4073,4135-4139,4169,4173,4314,4335,4339,4405,4614,4655,4677,4747,4888,4896,4900,5051,5461,5570,5586,5597,5610,5627,5691,5903-5906,5910-5912,5940,5956-5957,5995,6220,6224,6565-6566,6572,6655-6658,6688,6692,6721,6807-6810,6933,7133,7329,7342-7343,7351,7572,7576-7577,7581,7585-7588,7593,7634,7642,7647,7660-7661,7731,7752,7763,7790,7794-7795,7798,7802,7810,7814-7816,7831-7832,7836,7840,7849,7853,7882,7886,7890,7894,7898,7902,7954,7962,7970-7973,7978-7979,7984,7988,8006,8102,8106,8116,8134,8139,8152,8156,8210,8265-8266,8279,8336,8423,8476,8479,8525,8529,8533-8537,8541,8545,8553,8630,8685,8698-8699,8756,8761,8769,8793,8797-8798,8830,8851,8856-8859,8881-8888,9060,9077,9081,9089,9119-9120,9141,9182,9235-9238,9299-9300,9374-9375,9455,9505-9508,9582,9705,9868-9869,9893-9896,9937-9940,9994,10006-10014,10020,10040-10043,10077,10095,10103,10107,10120,10124,10145,10216,10224,10236,10244,10252,10285,10289,10301,10323,10368-10371,10437,10442,10573-10574,10633,10645,10649-10652,10676,10721-10722,10738,10763-10764,10836-10837,10938,11009,11023,11027,11029,11034,11066,11070,11078,11082-11083,11087,11091,11143,11175,11203,11211,11325,11535
packages/admin/src/locales/uk/messages.po
  s_d1b87a9d1cbff4::t_0ff5de9217ab74 52,60,72,77,165-169,232,269,285,300,315,378,398,469-472,557,561,793-795,799,807,819,823,840-841,1076-1079,1084-1092,1102,1273-1274,1293,1349-1352,1433,1437,1472,1498,1506,1549,1579,1605,1653-1656,1665,1726-1729,1750-1751,1791,1797-1799,1805,1861,1944,1949,1953,2036-2041,2194,2226,2375-2376,2380-2381,2394,2438,2655,2665,2678-2681,2774,2808,2825,2846,2980,3281,3300,3386-3387,3395,3458,3534,3547-3548,3552,3685,3689-3693,3751,3948,3961,3969,3981,4016,4036-4039,4048,4069,4073,4135-4139,4169,4173,4314,4335,4339,4405,4614,4655,4677,4747,4888,4896,4900,5051,5461,5570,5586,5597,5610,5627,5691,5903-5906,5910-5912,5940,5956-5957,5995,6220,6224,6565-6566,6572,6655-6658,6688,6692,6721,6807-6810,6933,7133,7329,7342-7343,7351,7572,7576-7577,7581,7585-7588,7593,7634,7642,7647,7660-7661,7731,7752,7763,7790,7794-7795,7798,7802,7810,7814-7816,7831-7832,7836,7840,7849,7853,7882,7886,7890,7894,7898,7902,7954,7962,7970-7973,7978-7979,7984,7988,8006,8102,8106,8116,8134,8139,8152,8156,8210,8265-8266,8279,8336,8423,8476,8479,8525,8529,8533-8537,8541,8545,8553,8630,8685,8698-8699,8756,8761,8769,8793,8797-8798,8830,8851,8856-8859,8881-8888,9060,9077,9081,9089,9119-9120,9141,9182,9235-9238,9299-9300,9374-9375,9455,9505-9508,9582,9705,9868-9869,9893-9896,9937-9940,9994,10006-10014,10020,10040-10043,10077,10095,10103,10107,10120,10124,10145,10216,10224,10236,10244,10252,10285,10289,10301,10323,10368-10371,10437,10442,10573-10574,10633,10645,10649-10652,10676,10721-10722,10738,10763-10764,10836-10837,10938,11009,11023,11027,11029,11034,11066,11070,11078,11082-11083,11087,11091,11143,11175,11203,11211,11325,11535
packages/admin/src/locales/zh-CN/messages.po
  s_d1b87a9d1cbff4::t_a37af9a6bc47b6 52,60,72,77,165-169,232,269,285,300,315,378,398,469-472,557,561,793-795,799,807,819,823,840-841,1076-1079,1084-1092,1102,1273-1274,1293,1349-1352,1433,1437,1472,1498,1506,1549,1579,1605,1653-1656,1665,1726-1729,1750-1751,1791,1797-1799,1805,1861,1944,1949,1953,2036-2041,2194,2226,2375-2376,2380-2381,2394,2438,2655,2665,2678-2681,2774,2808,2825,2846,2980,3281,3300,3386-3387,3395,3458,3534,3547-3548,3552,3685,3689-3693,3751,3948,3961,3969,3981,4016,4036-4039,4048,4069,4073,4135-4139,4169,4173,4314,4335,4339,4405,4614,4655,4677,4747,4888,4896,4900,5051,5461,5570,5586,5597,5610,5627,5691,5903-5906,5910-5912,5940,5956-5957,5995,6220,6224,6565-6566,6572,6655-6658,6688,6692,6721,6807-6810,6933,7133,7329,7342-7343,7351,7572,7576-7577,7581,7585-7588,7593,7634,7642,7647,7660-7661,7731,7752,7763,7790,7794-7795,7798,7802,7810,7814-7816,7831-7832,7836,7840,7849,7853,7882,7886,7890,7894,7898,7902,7954,7962,7970-7973,7978-7979,7984,7988,8006,8102,8106,8116,8134,8139,8152,8156,8210,8265-8266,8279,8336,8423,8476,8479,8525,8529,8533-8537,8541,8545,8553,8630,8685,8698-8699,8756,8761,8769,8793,8797-8798,8830,8851,8856-8859,8881-8888,9060,9077,9081,9089,9119-9120,9141,9182,9235-9238,9299-9300,9374-9375,9455,9505-9508,9582,9705,9868-9869,9893-9896,9937-9940,9994,10006-10014,10020,10040-10043,10077,10095,10103,10107,10120,10124,10145,10216,10224,10236,10244,10252,10285,10289,10301,10323,10368-10371,10437,10442,10573-10574,10633,10645,10649-10652,10676,10721-10722,10738,10763-10764,10836-10837,10938,11009,11023,11027,11029,11034,11066,11070,11078,11082-11083,11087,11091,11143,11175,11203,11211,11325,11535
packages/admin/src/locales/zh-TW/messages.po
  s_d1b87a9d1cbff4::t_2584e61ea47a4b 52,60,72,77,165-169,232,269,285,300,315,378,398,469-472,557,561,793-795,799,807,819,823,840-841,1076-1079,1084-1092,1102,1273-1274,1293,1349-1352,1433,1437,1472,1498,1506,1549,1579,1605,1653-1656,1665,1726-1729,1750-1751,1791,1797-1799,1805,1861,1944,1949,1953,2036-2041,2194,2226,2375-2376,2380-2381,2394,2438,2655,2665,2678-2681,2774,2808,2825,2846,2980,3281,3300,3386-3387,3395,3458,3534,3547-3548,3552,3685,3689-3693,3751,3948,3961,3969,3981,4016,4036-4039,4048,4069,4073,4135-4139,4169,4173,4314,4335,4339,4405,4614,4655,4677,4747,4888,4896,4900,5051,5461,5570,5586,5597,5610,5627,5691,5903-5906,5910-5912,5940,5956-5957,5995,6220,6224,6565-6566,6572,6655-6658,6688,6692,6721,6807-6810,6933,7133,7329,7342-7343,7351,7572,7576-7577,7581,7585-7588,7593,7634,7642,7647,7660-7661,7731,7752,7763,7790,7794-7795,7798,7802,7810,7814-7816,7831-7832,7836,7840,7849,7853,7882,7886,7890,7894,7898,7902,7954,7962,7970-7973,7978-7979,7984,7988,8006,8102,8106,8116,8134,8139,8152,8156,8210,8265-8266,8279,8336,8423,8476,8479,8525,8529,8533-8537,8541,8545,8553,8630,8685,8698-8699,8756,8761,8769,8793,8797-8798,8830,8851,8856-8859,8881-8888,9060,9077,9081,9089,9119-9120,9141,9182,9235-9238,9299-9300,9374-9375,9455,9505-9508,9582,9705,9868-9869,9893-9896,9937-9940,9994,10006-10014,10020,10040-10043,10077,10095,10103,10107,10120,10124,10145,10216,10224,10236,10244,10252,10285,10289,10301,10323,10368-10371,10437,10442,10573-10574,10633,10645,10649-10652,10676,10721-10722,10738,10763-10764,10836-10837,10938,11009,11023,11027,11029,11034,11066,11070,11078,11082-11083,11087,11091,11143,11175,11203,11211,11325,11535
packages/admin/src/router.tsx
  s_d1b87a9d1cbff4::t_10c4f48ca60591 2295-2296
packages/admin/tests/components/CapabilityConsentDialog.test.tsx
  s_d1b87a9d1cbff4::t_832110cb39904d 36-55,282,302,304,306-310,320,340,343-345,348-370,398
packages/admin/tests/components/RegistryBrowse.test.tsx
  s_d1b87a9d1cbff4::t_d49cefa0d318bb 145-157
packages/admin/tests/components/RegistryPluginDetail.test.tsx
  s_d1b87a9d1cbff4::t_d13abedd4a9b88 6,35,67,141,429,433,446-474
packages/admin/tests/components/SandboxedContentEditorExtensions.test.tsx
  s_d1b87a9d1cbff4::t_20dca8b644acf5 49-120,147-198,311-354
packages/admin/tests/lib/marketplace.test.ts
  s_d1b87a9d1cbff4::t_571b0afdcc130a 436-437
packages/auth-atproto/CHANGELOG.md
  s_d1b87a9d1cbff4::t_cc81bddd8611d8 3-9
packages/auth-atproto/package.json
  s_d1b87a9d1cbff4::t_36f5a1a2de48f8 3
packages/auth/CHANGELOG.md
  s_d1b87a9d1cbff4::t_3341c5155eef9e 3-6
packages/auth/package.json
  s_d1b87a9d1cbff4::t_d5bb5a38f77334 3
packages/blocks/CHANGELOG.md
  s_d1b87a9d1cbff4::t_a44a03dd101c27 3-38
packages/blocks/package.json
  s_d1b87a9d1cbff4::t_f705b8a3769380 3
packages/blocks/src/index.ts
  s_d1b87a9d1cbff4::t_1bd7fff4217850 10,14-16,83-87
packages/blocks/src/server.ts
  s_d1b87a9d1cbff4::t_9a853aa1e5b584 12,19,66-70
packages/blocks/src/types.ts
  s_d1b87a9d1cbff4::t_45594e31ae3302 464-465,469-507,515-517,525
packages/blocks/src/validation.ts
  s_d1b87a9d1cbff4::t_17de0e1ca0585a 1-2,55,67-71,152-165,1695-1700,1704,1720,1733-1753,1755-1799,1805-1831,1850,1852,1877-1883
packages/blocks/tests/validation.test.ts
  s_d1b87a9d1cbff4::t_7d45f7003e6b44 9,1138-1148,1183-1232
packages/cloudflare/CHANGELOG.md
  s_d1b87a9d1cbff4::t_e9aaf756b03817 3-167
packages/cloudflare/package.json
  s_d1b87a9d1cbff4::t_729aa76681d700 3
packages/core/CHANGELOG.md
  s_d1b87a9d1cbff4::t_d80b7429f79d06 3-290
packages/core/package.json
  s_d1b87a9d1cbff4::t_2ed5d514f0a2a7 3
packages/core/src/api/handlers/backup.ts
  s_d1b87a9d1cbff4::t_7ad24bce02957f 58-60,62-68,125
packages/core/src/api/handlers/index.ts
  s_d1b87a9d1cbff4::t_c6d74daf235635 218,228
packages/core/src/api/handlers/manifest.ts
  s_d1b87a9d1cbff4::t_b41cd65b94353e 276
packages/core/src/api/handlers/marketplace.ts
  s_d1b87a9d1cbff4::t_18772931331e00 28,60-64,323-371,892-897
packages/core/src/api/handlers/registry.ts
  s_d1b87a9d1cbff4::t_190f646da35dff 1192-1195
packages/core/src/api/handlers/snapshot.ts
  s_d1b87a9d1cbff4::t_d65b23012de52f 269-270,286,346
packages/core/src/api/types.ts
  s_d1b87a9d1cbff4::t_26b72fe9fdddbf 77
packages/core/src/astro/integration/routes.ts
  s_d1b87a9d1cbff4::t_6617dee36a332a 98-102,221-246,618-627
packages/core/src/astro/middleware.ts
  s_d1b87a9d1cbff4::t_bb4b2ff0b0023a 928,951,1013-1016
packages/core/src/astro/middleware/auth.ts
  s_d1b87a9d1cbff4::t_b3e5a6aa898076 790-793
packages/core/src/astro/routes/api/admin/plugins/[id]/update.ts
  s_d1b87a9d1cbff4::t_b11a9c2f2e76ea 12,15,17,48,66,68-82
packages/core/src/astro/routes/api/admin/plugins/marketplace/[id]/install.ts
  s_d1b87a9d1cbff4::t_4c1cbf294d85d0 12,15,72-78
packages/core/src/astro/routes/api/admin/plugins/registry/[id]/update.ts
  s_d1b87a9d1cbff4::t_b5c4456d8c5382 18,21,23,67,87,89-105
packages/core/src/astro/routes/api/admin/plugins/registry/install.ts
  s_d1b87a9d1cbff4::t_898d03a2c1ac94 21,24,119-127
packages/core/src/astro/types.ts
  s_d1b87a9d1cbff4::t_8eff3d3e244fd0 23,69,524,635-640
packages/core/src/emdash-runtime.ts
  s_d1b87a9d1cbff4::t_6f5e27c7f86457 352,358,5000,5015,5027-5031
packages/core/src/plugin-test-runtime.ts
  s_d1b87a9d1cbff4::t_e10a0ddc72037c 12
packages/core/src/plugins/editor-draft.ts
  s_d1b87a9d1cbff4::t_1c88de47cabc1f 1-257
packages/core/src/plugins/http-route-dispatch.ts
  s_d1b87a9d1cbff4::t_0c9485ba61cab6 9-13,15,19-33,41-44,180-181,245-251,256-274,276-277,279,285-317,330,356-388
packages/core/src/plugins/install-finalization.ts
  s_d1b87a9d1cbff4::t_8d496fd0f44b3a 1-77
packages/core/src/plugins/manifest-schema.ts
  s_d1b87a9d1cbff4::t_37bc396e59f986 41-42,252-289,306,311-318,394-399
packages/core/src/plugins/state.ts
  s_d1b87a9d1cbff4::t_1a8fd1a047d619 211-236
packages/core/src/plugins/types.ts
  s_d1b87a9d1cbff4::t_39a3c9908aaf90 36-37,78-79,1847,1858
packages/core/tests/unit/api/backup-handlers.test.ts
  s_d1b87a9d1cbff4::t_994e777a42525e 162-177
packages/core/tests/unit/api/marketplace-handlers.test.ts
  s_d1b87a9d1cbff4::t_0d9e70081a1106 27,639-695
packages/core/tests/unit/astro/backup-routes-token-scope.test.ts
  s_d1b87a9d1cbff4::t_0d936d4f95745e 1-145
packages/core/tests/unit/astro/middleware-prerender.test.ts
  s_d1b87a9d1cbff4::t_39036b89304e4a 26,29-32,44-48,78,87,104-107,112,115-118,205-209,371,575-627
packages/core/tests/unit/astro/plugin-editor-extension-auth.test.ts
  s_d1b87a9d1cbff4::t_8d977378fda880 18,29,31-53,160-169,194-254
packages/core/tests/unit/plugins/capability-normalization.test.ts
  s_d1b87a9d1cbff4::t_643add8c4ee0a6 189-194
packages/core/tests/unit/plugins/editor-draft.test.ts
  s_d1b87a9d1cbff4::t_59641ebc785cc4 1-165
packages/core/tests/unit/plugins/install-finalization.test.ts
  s_d1b87a9d1cbff4::t_241475e39751a3 1-101
packages/core/tests/unit/runtime/manifest-build.test.ts
  s_d1b87a9d1cbff4::t_1b9a74a2a8236e 391,397-405,413-419
packages/create-emdash/CHANGELOG.md
  s_d1b87a9d1cbff4::t_04f5ec09da1a78 3-6
packages/create-emdash/package.json
  s_d1b87a9d1cbff4::t_29e1c9be150181 3
packages/gutenberg-to-portable-text/CHANGELOG.md
  s_d1b87a9d1cbff4::t_fd70f303bc37d9 3-6
packages/gutenberg-to-portable-text/package.json
  s_d1b87a9d1cbff4::t_2539a4543e4130 3
packages/marketplace/src/routes/author.ts
  s_d1b87a9d1cbff4::t_84bdf693477eb8 906-948,966,971-978
packages/plugin-cli/CHANGELOG.md
  s_d1b87a9d1cbff4::t_1f590aaa79eab7 3-172
packages/plugin-cli/README.md
  s_d1b87a9d1cbff4::t_189de968cd43f7 144,146
packages/plugin-cli/package.json
  s_d1b87a9d1cbff4::t_69efab0e6b09f4 3
packages/plugin-cli/schemas/emdash-plugin.schema.json
  s_d1b87a9d1cbff4::t_c1087130a819ad 36,39,42,45,48,51,54,57,60,63,259,645-670,672-701,703,712-716,722-727,731,734,739-823,827,830-852,859,862,865,868,871-874,885,890,897,904,940-976,978-981,985,988,991,1001,1007,1013,1020,1025,1030-1031,1033,1037,1040,1047,1053,1060,1065,1070,1077,1084,1088,1093,1098,1102,1105,1108,1111,1114,1121-1122,1124,1127,1130,1136,1140,1144,1154,1160-1161,1163-1164,1166-1167,1169-1170,1172,1183,1187,1190,1197,1200,1203,1214,1217,1221,1225,1228,1231,1238-1239,1241,1245,1248,1258,1264,1274-1275,1277,1282
packages/plugin-cli/src/commands/profile.ts
  s_d1b87a9d1cbff4::t_06afa25fbd3ee4 19,26,39,71,80-125,130,145-151,157,166,169,231-245,251,256-262,274,286-292,317-321
packages/plugin-cli/src/init/templates.ts
  s_d1b87a9d1cbff4::t_71cecd2b27cba7 445,457
packages/plugin-cli/src/manifest/schema.ts
  s_d1b87a9d1cbff4::t_a6f8ff6f4374fb 356-357,583-630,632-641,653-661,663-672
packages/plugin-cli/src/profile/setup.ts
  s_d1b87a9d1cbff4::t_db7a0307527761 42,57-61,95-103,120-123,129-142,202-256,285,320-321,336,341,350-354
packages/plugin-cli/src/release-setup.ts
  s_d1b87a9d1cbff4::t_659fd0028adbc3 360,440,496,572-576,585,627
packages/plugin-cli/tests/build-metadata-roundtrip.test.ts
  s_d1b87a9d1cbff4::t_01da0156a7751e 33-38,41-47,130-131,138
packages/plugin-cli/tests/manifest-schema.test.ts
  s_d1b87a9d1cbff4::t_f02df7f7bfdb21 53-59,75-116
packages/plugin-cli/tests/profile-setup.test.ts
  s_d1b87a9d1cbff4::t_047741d4451903 14,20,83,96,105-132,142,153-167,223-267,333-384,419-422
packages/plugin-cli/tests/release-setup.test.ts
  s_d1b87a9d1cbff4::t_14e7e50400f8f7 55
packages/plugin-cli/tests/schema-drift.test.ts
  s_d1b87a9d1cbff4::t_90e71fee4136a8 79-106
packages/plugin-test/CHANGELOG.md
  s_d1b87a9d1cbff4::t_68d212f4f68135 3-159
packages/plugin-test/package.json
  s_d1b87a9d1cbff4::t_4cc4544ac45fa8 3
packages/plugin-test/src/index.ts
  s_d1b87a9d1cbff4::t_8a71f746381c52 22-24
packages/plugin-test/src/runtime-host.ts
  s_d1b87a9d1cbff4::t_bb5d296842f492 5-6,49-50,107-129,139-152,624,687-783,828,844,855
packages/plugin-test/test/host.test.ts
  s_d1b87a9d1cbff4::t_7f128f57dddb60 1440-1443,1446,1480-1535,1548-1555,1557-1561
packages/plugin-types/CHANGELOG.md
  s_d1b87a9d1cbff4::t_4f95a1b86a117f 3-94
packages/plugin-types/package.json
  s_d1b87a9d1cbff4::t_9d91e22a6b7123 3
packages/plugin-types/src/declared-access.ts
  s_d1b87a9d1cbff4::t_7f71b9106423b8 14-17
packages/plugin-types/src/index.ts
  s_d1b87a9d1cbff4::t_fb071f2a7f0629 61-62,216,269-270,339-340,485-494,501,520
packages/plugin-types/src/manifest-schema.ts
  s_d1b87a9d1cbff4::t_05b56cb6724b80 39-40,243-280,297,302-309,388-393
packages/plugin-types/tests/capabilities.test.ts
  s_d1b87a9d1cbff4::t_7f69aedae3e76f 200-212
packages/plugin-types/tests/manifest-schema.test.ts
  s_d1b87a9d1cbff4::t_97373516184c1a 116-122,162
packages/plugins/embeds/CHANGELOG.md
  s_d1b87a9d1cbff4::t_6ad9d9d96a3128 3-9
packages/plugins/embeds/package.json
  s_d1b87a9d1cbff4::t_e0f5acd5814ec6 3
packages/plugins/field-kit/CHANGELOG.md
  s_d1b87a9d1cbff4::t_beea6721a9b405 3-10
packages/plugins/field-kit/package.json
  s_d1b87a9d1cbff4::t_0db4a4268b28c9 3
packages/plugins/forms/CHANGELOG.md
  s_d1b87a9d1cbff4::t_3943e1f1876236 3-10
packages/plugins/forms/package.json
  s_d1b87a9d1cbff4::t_f1e2c36da44b7a 3
packages/plugins/marketplace-test/CHANGELOG.md
  s_d1b87a9d1cbff4::t_8b22a6af2d5d00 3-8
packages/plugins/marketplace-test/emdash-plugin.jsonc
  s_d1b87a9d1cbff4::t_600ed28a7e6856 20-21,62-65,89
packages/plugins/marketplace-test/package.json
  s_d1b87a9d1cbff4::t_8c3c109e5597e2 4
packages/plugins/marketplace-test/src/plugin.ts
  s_d1b87a9d1cbff4::t_331d949c6b9097 565-604
packages/registry-client/CHANGELOG.md
  s_d1b87a9d1cbff4::t_ef3f51544bbfc9 3-9
packages/registry-client/package.json
  s_d1b87a9d1cbff4::t_d3449407bc464c 3
packages/registry-lexicons/CHANGELOG.md
  s_d1b87a9d1cbff4::t_6ede2ecc9b0a28 3-68
packages/registry-lexicons/lexicons/com/emdashcms/experimental/package/releaseExtension.json
  s_d1b87a9d1cbff4::t_a5f2254dcccd89 58-62,115-138
packages/registry-lexicons/package.json
  s_d1b87a9d1cbff4::t_03c70384f880b1 3
packages/registry-lexicons/src/generated/types/com/emdashcms/experimental/package/releaseExtension.ts
  s_d1b87a9d1cbff4::t_1d98e60e4b2404 4-36,161-166,553-557,609-611,649-653,718-724
packages/registry-loader/CHANGELOG.md
  s_d1b87a9d1cbff4::t_d2043e1035337a 1-14
packages/registry-loader/package.json
  s_d1b87a9d1cbff4::t_903d0e175081e6 3
packages/registry-verification/CHANGELOG.md
  s_d1b87a9d1cbff4::t_e654a2682bcd3d 3-13
packages/registry-verification/package.json
  s_d1b87a9d1cbff4::t_1d1d016de25ede 3
packages/workerd/CHANGELOG.md
  s_d1b87a9d1cbff4::t_c2968d6280b7b0 3-139
packages/workerd/package.json
  s_d1b87a9d1cbff4::t_d286a90ee96a8b 3
packages/workerd/test/workerd-integration.test.ts
  s_d1b87a9d1cbff4::t_626e7301bf012d 139-147,513-549
packages/x402/CHANGELOG.md
  s_d1b87a9d1cbff4::t_d8ec561b1b9b71 3-6
packages/x402/package.json
  s_d1b87a9d1cbff4::t_a6821e74e4341b 3
skills/creating-plugins/SKILL.md
  s_d1b87a9d1cbff4::t_87e1de5b8bd6bf 53-54,105
skills/creating-plugins/references/admin-ui.md
  s_d1b87a9d1cbff4::t_db48ff447ff5b6 107-110,132-134,136,138
skills/creating-plugins/references/block-kit.md
  s_d1b87a9d1cbff4::t_6d20c9a1d43163 538,542,544
skills/creating-plugins/references/sandbox-boundaries.md
  s_d1b87a9d1cbff4::t_a4f2ce0a8005f2 38
templates/blank/.agents/skills/creating-plugins/SKILL.md
  s_d1b87a9d1cbff4::t_1a878cc86c32b7 53-54,105
templates/blank/.agents/skills/creating-plugins/references/admin-ui.md
  s_d1b87a9d1cbff4::t_cbe06fc2fba2dc 107-110,132-134,136,138
templates/blank/.agents/skills/creating-plugins/references/block-kit.md
  s_d1b87a9d1cbff4::t_46f5b1930b09d4 351,353-365,538,542,544
templates/blank/.agents/skills/creating-plugins/references/sandbox-boundaries.md
  s_d1b87a9d1cbff4::t_e72ce3f1b02724 38
templates/blog-cloudflare/.agents/skills/creating-plugins/SKILL.md
  s_d1b87a9d1cbff4::t_f02116c4acfc4f 53-54,105
templates/blog-cloudflare/.agents/skills/creating-plugins/references/admin-ui.md
  s_d1b87a9d1cbff4::t_3316586d4a7c3a 107-110,132-134,136,138
templates/blog-cloudflare/.agents/skills/creating-plugins/references/block-kit.md
  s_d1b87a9d1cbff4::t_1ea3fa885e183d 351,353-365,538,542,544
templates/blog-cloudflare/.agents/skills/creating-plugins/references/sandbox-boundaries.md
  s_d1b87a9d1cbff4::t_502123a0c8a02f 38
templates/blog/.agents/skills/creating-plugins/SKILL.md
  s_d1b87a9d1cbff4::t_48418c1f754d86 53-54,105
templates/blog/.agents/skills/creating-plugins/references/admin-ui.md
  s_d1b87a9d1cbff4::t_0945a6b49e139b 107-110,132-134,136,138
templates/blog/.agents/skills/creating-plugins/references/block-kit.md
  s_d1b87a9d1cbff4::t_d318cbd0aa69a8 351,353-365,538,542,544
templates/blog/.agents/skills/creating-plugins/references/sandbox-boundaries.md
  s_d1b87a9d1cbff4::t_0f5c41251775c2 38
templates/marketing-cloudflare/.agents/skills/creating-plugins/SKILL.md
  s_d1b87a9d1cbff4::t_1e3fe33c79fcc9 53-54,105
templates/marketing-cloudflare/.agents/skills/creating-plugins/references/admin-ui.md
  s_d1b87a9d1cbff4::t_d7a0a55b1b7985 107-110,132-134,136,138
templates/marketing-cloudflare/.agents/skills/creating-plugins/references/block-kit.md
  s_d1b87a9d1cbff4::t_6bf4110d1cdba6 351,353-365,538,542,544
templates/marketing-cloudflare/.agents/skills/creating-plugins/references/sandbox-boundaries.md
  s_d1b87a9d1cbff4::t_625a5670cd0d13 38
templates/marketing/.agents/skills/creating-plugins/SKILL.md
  s_d1b87a9d1cbff4::t_3b465addee36c9 53-54,105
templates/marketing/.agents/skills/creating-plugins/references/admin-ui.md
  s_d1b87a9d1cbff4::t_438585229698c9 107-110,132-134,136,138
templates/marketing/.agents/skills/creating-plugins/references/block-kit.md
  s_d1b87a9d1cbff4::t_0e45f96ecd7e54 351,353-365,538,542,544
templates/marketing/.agents/skills/creating-plugins/references/sandbox-boundaries.md
  s_d1b87a9d1cbff4::t_596bf2d3c2962d 38
templates/portfolio-cloudflare/.agents/skills/creating-plugins/SKILL.md
  s_d1b87a9d1cbff4::t_44e1a227ed1f07 53-54,105
templates/portfolio-cloudflare/.agents/skills/creating-plugins/references/admin-ui.md
  s_d1b87a9d1cbff4::t_cb36cf65cd60bc 107-110,132-134,136,138
templates/portfolio-cloudflare/.agents/skills/creating-plugins/references/block-kit.md
  s_d1b87a9d1cbff4::t_4e338ac51e9405 351,353-365,538,542,544
templates/portfolio-cloudflare/.agents/skills/creating-plugins/references/sandbox-boundaries.md
  s_d1b87a9d1cbff4::t_84dd0a40c480a7 38
templates/portfolio/.agents/skills/creating-plugins/SKILL.md
  s_d1b87a9d1cbff4::t_9ed91ff793ba7b 53-54,105
templates/portfolio/.agents/skills/creating-plugins/references/admin-ui.md
  s_d1b87a9d1cbff4::t_3df48feba69f53 107-110,132-134,136,138
templates/portfolio/.agents/skills/creating-plugins/references/block-kit.md
  s_d1b87a9d1cbff4::t_f91dd22a6721a1 351,353-365,538,542,544
templates/portfolio/.agents/skills/creating-plugins/references/sandbox-boundaries.md
  s_d1b87a9d1cbff4::t_63b6a428cbcecc 38
templates/starter-cloudflare/.agents/skills/creating-plugins/SKILL.md
  s_d1b87a9d1cbff4::t_80ed4e75647eef 53-54,105
templates/starter-cloudflare/.agents/skills/creating-plugins/references/admin-ui.md
  s_d1b87a9d1cbff4::t_6fb4d08bf53cd8 107-110,132-134,136,138
templates/starter-cloudflare/.agents/skills/creating-plugins/references/block-kit.md
  s_d1b87a9d1cbff4::t_f8e63962f89603 351,353-365,538,542,544
templates/starter-cloudflare/.agents/skills/creating-plugins/references/sandbox-boundaries.md
  s_d1b87a9d1cbff4::t_b6d93c7306ed25 38
templates/starter/.agents/skills/creating-plugins/SKILL.md
  s_d1b87a9d1cbff4::t_4f4c326f47054b 53-54,105
templates/starter/.agents/skills/creating-plugins/references/admin-ui.md
  s_d1b87a9d1cbff4::t_a719ae99d800c0 107-110,132-134,136,138
templates/starter/.agents/skills/creating-plugins/references/block-kit.md
  s_d1b87a9d1cbff4::t_9b7348b7094a83 351,353-365,538,542,544
templates/starter/.agents/skills/creating-plugins/references/sandbox-boundaries.md
  s_d1b87a9d1cbff4::t_65e326d050b12e 38
---
{
  "schema_version": "authorship/3.0.0",
  "git_ai_version": "1.6.10",
  "base_commit_sha": "43d17935d9005d93ef1f5a8fb3a612b5becf2d8d",
  "prompts": {},
  "sessions": {
    "s_d1b87a9d1cbff4": {
      "agent_id": {
        "tool": "codex",
        "id": "01a0c9ee-365e-7c03-b68c-e15052602738",
        "model": "gpt-5.6-sol"
      },
      "human_author": "khoinguyenpham04 <137921741+khoinguyenpham04@users.noreply.github.com>"
    }
  }
}