.changeset/admin-published-links-locale.md
  s_0135e5d9216639::t_c7dac844afefb0 1-6
.changeset/complete-german-translations.md
  s_0135e5d9216639::t_76e5a3877347e5 1-5
.changeset/fix-empty-d1-migration-status.md
  s_0135e5d9216639::t_c5473dbfce6ce1 1-5
.changeset/preserve-custom-block-round-trips.md
  s_0135e5d9216639::t_69eeaecc160bd7 1-8
.changeset/schedule-utc-normalization.md
  s_0135e5d9216639::t_f8cfd19fef19dd 1-5
.changeset/schema-update-title-date-fields.md
  s_0135e5d9216639::t_3a473b22b89049 1-5
.gitattributes
  s_0135e5d9216639::t_464ebde7b7fc4d 1-2
demos/cloudflare/src/pages/posts/[slug].astro
  s_0135e5d9216639::t_18a6c7519e3c7b 62
demos/playground/src/pages/posts/[slug].astro
  s_0135e5d9216639::t_1648b5e9a5d7d9 63
demos/postgres/src/pages/posts/[slug].astro
  s_0135e5d9216639::t_c4caae09cbba3e 63
demos/preview/src/pages/posts/[slug].astro
  s_0135e5d9216639::t_8990185811fd45 63
demos/simple/src/pages/posts/[slug].astro
  s_0135e5d9216639::t_4da13c49e8e0fb 62
e2e/fixture-cloudflare/src/pages/[locale]/posts/[slug].astro
  s_0135e5d9216639::t_2d107ec53f6402 1-7
e2e/fixture-cloudflare/src/pages/posts/[slug].astro
  s_0135e5d9216639::t_38466d390dad89 2,6-9,11,13,15-19,26
e2e/fixture/src/pages/[locale]/posts/[slug].astro
  s_0135e5d9216639::t_58e43938de4a6b 1-7
e2e/fixture/src/pages/posts/[slug].astro
  s_0135e5d9216639::t_0c516850ac8fd0 2,6-9,11,13,15-19,26
e2e/tests/i18n.spec.ts
  s_0135e5d9216639::t_53eeb38a3ecd1d 26-89,95-158
fixtures/perf-site/src/pages/posts/[slug].astro
  s_0135e5d9216639::t_d3cff49c10ab37 63
infra/blog-demo/src/pages/posts/[slug].astro
  s_0135e5d9216639::t_3f0c89497c1d5d 64
infra/cache-demo/src/pages/posts/[slug].astro
  s_0135e5d9216639::t_a554cc8e9a264c 64
infra/do-demo/src/pages/posts/[slug].astro
  s_0135e5d9216639::t_765e365a853470 64
infra/do-solo-demo/src/pages/posts/[slug].astro
  s_0135e5d9216639::t_e1de7846068446 64
packages/admin/src/components/ContentEditor.tsx
  s_0135e5d9216639::t_ee99cbb9b8aa1d 234,741-744,751-754,784-790
packages/admin/src/components/ContentList.tsx
  s_0135e5d9216639::t_5479f8c718afa4 122,687,1221,1239,1326-1329
packages/admin/src/components/PortableTextEditor.tsx
  s_0135e5d9216639::t_2ec9f8a6f77b89 93,265-411,583,586-593,595-596,603-614,633,636,654,672,681-684,704,714,731,752,760,767,770,773,817-818,827,841-866,868-872,906,953-964,974,977,983-994,997,999,1008,1018,1030,1050-1051,1055-1058,1060-1061,1063,1067,1069,1197-1200,1207,1218,1244-1261,1274,1280-1283,1288,1292-1298,1306,1349,1361,1368,1374,1379-1392,1449,1458-1460,1506,1514-1520,1525,1530-1538,2858,3058-3059,3150-3151
packages/admin/src/lib/api/client.ts
  s_0135e5d9216639::t_c2735b3c22bb0a 232
packages/admin/src/lib/portable-text-marks.ts
  s_0135e5d9216639::t_3918764a585a40 23
packages/admin/src/lib/url.ts
  s_0135e5d9216639::t_496ef99b979efb 8-16,40-45,47-52
packages/admin/src/locales/ar/messages.po
  s_0135e5d9216639::t_a5163e64728e0a 366,398,425,475,495,519,732,759,785,789,847,855,894,898,970,974,978,991-992,1030,1200,1209-1210,1232,1415,1510-1511,1555-1556,1614-1615,1634,1804-1805,1860,1868,1922-1924,1975,1980,1986-1987,2098,2189,2249,2348,2357,2505,2650,2658,2776,2829,2833,2850,2858,2866,3071,3112,3116,3151,3188,3227,3271,3304,3318,3322,3371,3478,3482,3564,3572,3584,3668,3672,3895,3920,4408,4424,4436,4551,4577,4655,4661,4667,4673,4679,4685,4754,4762-4763,4798,4989,4994,4998,5002,5006,5010,5014,5018,5022,5026,5030-5031,5039,5043,5047,5051-5052,5056,5118,5155-5156,5161,5279,5400-5401,5416-5417,5455,5522-5524,5533,5559,5738-5739,5821,5918,5977,6011,6032,6039,6152,6223,6233,6384,6494,6572,6591-6592,6914,6918,7142,7207-7208,7262-7263,7351,7414,7422,7450,7490,7495-7496,7563-7564,7577,7634,7717,7721,7729,7952,8046,8258,8355-8356,8361,8414,8419,8425,8455,8460,8586-8587,8812,8816,8820,8889,8913-8915,8949-8950,8971,8975,9007,9011,9084,9209,9217,9221,9229,9313,9385,9408,9496,9615-9616,9620,9696,9705,9749,9857-9859,9924,9952,10067,10176,10330
packages/admin/src/locales/ca/messages.po
  s_0135e5d9216639::t_f330836c1b7abb 362,394,421,471,491,515,728,755,781,785,843,851,890,894,966,970,974,987-988,1026,1196,1205-1206,1228,1411,1506-1507,1551-1552,1610-1611,1630,1800-1801,1856,1864,1918-1920,1971,1976,1982-1983,2094,2185,2245,2344,2353,2501,2646,2654,2772,2825,2829,2846,2854,2862,3067,3108,3112,3147,3184,3223,3267,3300,3314,3318,3367,3477,3481,3563,3571,3583,3667,3671,3894,3919,4407,4423,4435,4550,4576,4654,4660,4666,4672,4678,4684,4753,4761-4762,4797,4988,4993,4997,5001,5005,5009,5013,5017,5021,5025,5029-5030,5038,5042,5046,5050-5051,5055,5117,5154-5155,5160,5278,5399-5400,5415-5416,5454,5521-5523,5532,5558,5737-5738,5820,5917,5976,6010,6031,6038,6151,6222,6232,6383,6493,6571,6590-6591,6913,6917,7141,7206-7207,7261-7262,7350,7413,7421,7449,7489,7494-7495,7562-7563,7576,7633,7716,7720,7728,7951,8045,8257,8354-8355,8360,8413,8418,8424,8454,8459,8585-8586,8811,8815,8819,8888,8912-8914,8948-8949,8970,8974,9006,9010,9083,9208,9216,9220,9228,9312,9384,9407,9495,9614-9615,9619,9695,9704,9748,9856-9858,9923,9951,10066,10175,10329
packages/admin/src/locales/cs/messages.po
  s_0135e5d9216639::t_8314a8830bd769 362,394,421,471,491,515,728,755,781,785,843,851,890,894,966,970,974,987-988,1026,1196,1205-1206,1228,1411,1506-1507,1551-1552,1610-1611,1630,1800-1801,1856,1864,1918-1920,1971,1976,1982-1983,2094,2185,2245,2344,2353,2501,2646,2654,2772,2825,2829,2846,2854,2862,3067,3108,3112,3147,3184,3223,3267,3300,3314,3318,3367,3477,3481,3563,3571,3583,3667,3671,3894,3919,4407,4423,4435,4550,4576,4654,4660,4666,4672,4678,4684,4753,4761-4762,4797,4988,4993,4997,5001,5005,5009,5013,5017,5021,5025,5029-5030,5038,5042,5046,5050-5051,5055,5117,5154-5155,5160,5278,5399-5400,5415-5416,5454,5521-5523,5532,5558,5737-5738,5820,5917,5976,6010,6031,6038,6151,6222,6232,6383,6493,6571,6590-6591,6913,6917,7141,7206-7207,7261-7262,7350,7413,7421,7449,7489,7494-7495,7562-7563,7576,7633,7716,7720,7728,7951,8045,8257,8354-8355,8360,8413,8418,8424,8454,8459,8585-8586,8811,8815,8819,8888,8912-8914,8948-8949,8970,8974,9006,9010,9083,9208,9216,9220,9228,9312,9384,9407,9495,9614-9615,9619,9695,9704,9748,9856-9858,9923,9951,10066,10175,10329
packages/admin/src/locales/de/messages.po
  s_0135e5d9216639::t_628e9ce9936b43 40,45,50,76,111,116,123,194,199,204,237,257,323,340,362,364,369,374,390,394,400,414,419,421,443,447,451,469,471,473,477,481,491,515,517,560,564,572,604,652,658,662,670,674,678,728,737,755,771,779,781,785,802,843,851,876,890,894,947,966,970,974,987-988,1026,1039,1072,1090,1174,1196,1205-1206,1228,1263,1267,1336,1364,1382,1387,1411,1429,1491,1506-1507,1531,1540,1544,1551-1552,1558,1610-1611,1630,1654,1658,1694,1742,1746,1751,1759,1779,1800-1801,1803,1807,1811,1816,1820,1825,1829,1837,1841,1845,1853,1856,1862,1864,1918-1920,1953,1965,1971,1976,1982-1983,1989,2045,2094,2132,2162,2185,2197,2212,2216,2245,2247,2259,2263,2267,2283,2287,2291,2299,2303,2328,2337,2342,2344,2353,2359,2372,2385,2465,2501,2525,2537,2550,2556,2560,2564,2569,2622,2646,2654,2656,2725,2772,2795,2814,2825,2829,2846,2854,2862,2915,2924,2963,3065,3067,3069,3094,3108,3112,3147,3184,3192,3196,3213,3223,3253,3267,3300,3314,3318,3329,3337,3349,3355,3360,3367,3382,3399,3423,3477,3481,3487,3491,3499,3503,3507,3539,3543,3552,3556,3563,3571,3583,3640,3644,3661,3667,3671,3748,3818,3894,3919,3929,3933,3945,4136,4161,4312,4405,4407,4413,4423,4425,4435,4452,4457,4461,4469,4474,4478,4482,4486,4491,4495,4499,4503,4507,4511,4516,4523,4527,4539,4543,4547,4550,4552,4556,4560,4576,4595,4654,4660,4666,4672,4678,4684,4741,4745,4753,4761-4762,4780,4797,4814,4828,4952,4957,4969,4973,4982,4986,4988,4993,4997,5001,5005,5009,5013,5017,5021,5025,5029-5030,5038,5040,5042,5044,5046,5048,5050-5051,5055,5117,5154-5155,5160,5179,5214,5218,5222,5226,5234,5268,5278,5297,5397,5399-5400,5415-5416,5427,5454,5462,5466,5470,5474,5514,5521-5523,5532,5551,5555,5558,5568,5573,5616,5621,5737-5738,5749,5770,5781,5789,5794,5798,5802,5806,5810,5814,5820,5917,5923,5948,5956,5960,5976,5993,5998,6010,6020,6024,6031,6038,6050,6063,6069,6074,6127,6151,6174,6187,6222,6232,6276,6280,6292,6361,6365,6383,6479,6493,6540,6544,6571,6590-6591,6601,6629,6636,6649,6684,6697,6727,6731,6746,6768,6773,6853,6883,6903,6907,6911,6913,6917,6935,6972,6976,7017,7025,7081,7119,7141,7161,7165,7169,7173,7184,7196,7200,7204,7206-7207,7229,7233,7237,7241,7245,7253,7261-7262,7312,7350,7364,7368,7401,7409,7413,7421,7443,7449,7455,7459,7471,7486,7489,7494-7495,7509,7522,7562-7563,7574,7576,7579,7583,7587,7599,7604,7608,7613,7619,7633,7639,7674,7678,7686,7690,7694,7698,7702,7706,7710,7714,7716,7718,7720,7728,7777,7782,7786,7791,7795,7799,7819,7823,7827,7897,7902,7906,7951,7953,7970,7978,7982,8034,8038,8043,8045,8054,8060,8064,8068,8158,8162,8188,8215,8236,8255,8257,8343,8354-8355,8360,8370,8378,8399,8403,8407,8413,8418,8420,8424,8434,8454,8459,8466,8470,8545,8557,8569,8578,8585-8586,8611,8664,8668,8774,8811,8815,8819,8844,8888,8902,8906,8912-8914,8948-8949,8970,8974,9006,9010,9053,9083,9089,9101,9113,9154,9158,9202,9208,9210,9216,9218,9220,9222,9226,9228,9235,9239,9243,9247,9267,9272,9289,9297,9312,9314,9330,9372,9384,9407,9431,9439,9443,9495,9535,9570,9574,9578,9598,9614-9615,9619,9683,9695,9697,9704,9715,9748,9764,9804,9808,9835,9856-9858,9868,9885,9889,9893,9897,9901,9905,9909,9913,9921,9923,9925,9929,9933,9951,9963,10002,10020,10066,10072,10092,10097,10101,10109,10127,10139,10175,10177,10201,10209,10329,10367,10371,10383,10413,10512
packages/admin/src/locales/en-GB/messages.po
  s_0135e5d9216639::t_e537d11fcdde42 362,394,421,471,491,515,728,755,781,785,843,851,890,894,966,970,974,987-988,1026,1196,1205-1206,1228,1411,1506-1507,1551-1552,1610-1611,1630,1800-1801,1856,1864,1918-1920,1971,1976,1982-1983,2094,2185,2245,2344,2353,2501,2646,2654,2772,2825,2829,2846,2854,2862,3067,3108,3112,3147,3184,3223,3267,3300,3314,3318,3367,3477,3481,3563,3571,3583,3667,3671,3894,3919,4407,4423,4435,4550,4576,4654,4660,4666,4672,4678,4684,4753,4761-4762,4797,4988,4993,4997,5001,5005,5009,5013,5017,5021,5025,5029-5030,5038,5042,5046,5050-5051,5055,5117,5154-5155,5160,5278,5399-5400,5415-5416,5454,5521-5523,5532,5558,5737-5738,5820,5917,5976,6010,6031,6038,6151,6222,6232,6383,6493,6571,6590-6591,6913,6917,7141,7206-7207,7261-7262,7350,7413,7421,7449,7489,7494-7495,7562-7563,7576,7633,7716,7720,7728,7951,8045,8257,8354-8355,8360,8413,8418,8424,8454,8459,8585-8586,8811,8815,8819,8888,8912-8914,8948-8949,8970,8974,9006,9010,9083,9208,9216,9220,9228,9312,9384,9407,9495,9614-9615,9619,9695,9704,9748,9856-9858,9923,9951,10066,10175,10329
packages/admin/src/locales/en/messages.po
  s_0135e5d9216639::t_6ebed4d2d47879 362,394,421,471,491,515,728,755,781,785,843,851,890,894,966,970,974,987-988,1026,1196,1205-1206,1228,1411,1506-1507,1551-1552,1610-1611,1630,1800-1801,1856,1864,1918-1920,1971,1976,1982-1983,2094,2185,2245,2344,2353,2501,2646,2654,2772,2825,2829,2846,2854,2862,3067,3108,3112,3147,3184,3223,3267,3300,3314,3318,3367,3477,3481,3563,3571,3583,3667,3671,3894,3919,4407,4423,4435,4550,4576,4654,4660,4666,4672,4678,4684,4753,4761-4762,4797,4988,4993,4997,5001,5005,5009,5013,5017,5021,5025,5029-5030,5038,5042,5046,5050-5051,5055,5117,5154-5155,5160,5278,5399-5400,5415-5416,5454,5521-5523,5532,5558,5737-5738,5820,5917,5976,6010,6031,6038,6151,6222,6232,6383,6493,6571,6590-6591,6913,6917,7141,7206-7207,7261-7262,7350,7413,7421,7449,7489,7494-7495,7562-7563,7576,7633,7716,7720,7728,7951,8045,8257,8354-8355,8360,8413,8418,8424,8454,8459,8585-8586,8811,8815,8819,8888,8912-8914,8948-8949,8970,8974,9006,9010,9083,9208,9216,9220,9228,9312,9384,9407,9495,9614-9615,9619,9695,9704,9748,9856-9858,9923,9951,10066,10175,10329
packages/admin/src/locales/es-419/messages.po
  s_0135e5d9216639::t_4caca769b729f6 362,394,421,471,491,515,728,755,781,785,843,851,890,894,966,970,974,987-988,1026,1196,1205-1206,1228,1411,1506-1507,1551-1552,1610-1611,1630,1800-1801,1856,1864,1918-1920,1971,1976,1982-1983,2094,2185,2245,2344,2353,2501,2646,2654,2772,2825,2829,2846,2854,2862,3067,3108,3112,3147,3184,3223,3267,3300,3314,3318,3367,3477,3481,3563,3571,3583,3667,3671,3894,3919,4407,4423,4435,4550,4576,4654,4660,4666,4672,4678,4684,4753,4761-4762,4797,4988,4993,4997,5001,5005,5009,5013,5017,5021,5025,5029-5030,5038,5042,5046,5050-5051,5055,5117,5154-5155,5160,5278,5399-5400,5415-5416,5454,5521-5523,5532,5558,5737-5738,5820,5917,5976,6010,6031,6038,6151,6222,6232,6383,6493,6571,6590-6591,6913,6917,7141,7206-7207,7261-7262,7350,7413,7421,7449,7489,7494-7495,7562-7563,7576,7633,7716,7720,7728,7951,8045,8257,8354-8355,8360,8413,8418,8424,8454,8459,8585-8586,8811,8815,8819,8888,8912-8914,8948-8949,8970,8974,9006,9010,9083,9208,9216,9220,9228,9312,9384,9407,9495,9614-9615,9619,9695,9704,9748,9856-9858,9923,9951,10066,10175,10329
packages/admin/src/locales/es-ES/messages.po
  s_0135e5d9216639::t_4564dcd5935313 362,394,421,471,491,515,728,755,781,785,843,851,890,894,966,970,974,987-988,1026,1196,1205-1206,1228,1411,1506-1507,1551-1552,1610-1611,1630,1800-1801,1856,1864,1918-1920,1971,1976,1982-1983,2094,2185,2245,2344,2353,2501,2646,2654,2772,2825,2829,2846,2854,2862,3067,3108,3112,3147,3184,3223,3267,3300,3314,3318,3367,3474,3478,3560,3568,3580,3664,3668,3891,3916,4404,4420,4432,4547,4573,4651,4657,4663,4669,4675,4681,4750,4758-4759,4794,4985,4990,4994,4998,5002,5006,5010,5014,5018,5022,5026-5027,5035,5039,5043,5047-5048,5052,5114,5151-5152,5157,5275,5396-5397,5412-5413,5451,5518-5520,5529,5555,5734-5735,5817,5914,5973,6007,6028,6035,6148,6219,6229,6380,6490,6568,6587-6588,6910,6914,7138,7203-7204,7258-7259,7347,7410,7418,7446,7486,7491-7492,7559-7560,7573,7630,7713,7717,7725,7948,8042,8254,8351-8352,8357,8410,8415,8421,8451,8456,8582-8583,8808,8812,8816,8885,8909-8911,8945-8946,8967,8971,9003,9007,9080,9205,9213,9217,9225,9309,9381,9404,9492,9611-9612,9616,9692,9701,9745,9853-9855,9920,9948,10063,10172,10326
packages/admin/src/locales/eu/messages.po
  s_0135e5d9216639::t_b9fcc8ed4903d2 362,394,421,471,491,515,728,755,781,785,843,851,890,894,966,970,974,987-988,1026,1196,1205-1206,1228,1411,1506-1507,1551-1552,1610-1611,1630,1800-1801,1856,1864,1918-1920,1971,1976,1982-1983,2094,2185,2245,2344,2353,2501,2646,2654,2772,2825,2829,2846,2854,2862,3067,3108,3112,3147,3184,3223,3267,3300,3314,3318,3367,3474,3478,3560,3568,3580,3664,3668,3891,3916,4404,4420,4432,4547,4573,4651,4657,4663,4669,4675,4681,4750,4758-4759,4794,4985,4990,4994,4998,5002,5006,5010,5014,5018,5022,5026-5027,5035,5039,5043,5047-5048,5052,5114,5151-5152,5157,5275,5396-5397,5412-5413,5451,5518-5520,5529,5555,5734-5735,5817,5914,5973,6007,6028,6035,6148,6219,6229,6380,6490,6568,6587-6588,6907,6911,7135,7200-7201,7255-7256,7344,7407,7415,7443,7483,7488-7489,7556-7557,7570,7627,7710,7714,7722,7945,8039,8251,8348-8349,8354,8407,8412,8418,8448,8453,8579-8580,8805,8809,8813,8882,8906-8908,8942-8943,8964,8968,9000,9004,9077,9202,9210,9214,9222,9306,9378,9401,9489,9608-9609,9613,9689,9698,9742,9850-9852,9917,9945,10060,10169,10323
packages/admin/src/locales/fa/messages.po
  s_0135e5d9216639::t_d27a4653e40bcc 364,396,423,473,493,517,730,757,783,787,845,853,892,896,968,972,976,989-990,1028,1198,1207-1208,1230,1413,1508-1509,1553-1554,1612-1613,1632,1802-1803,1858,1866,1920-1922,1973,1978,1984-1985,2096,2187,2247,2346,2355,2503,2648,2656,2774,2827,2831,2848,2856,2864,3069,3110,3114,3149,3186,3225,3269,3302,3316,3320,3369,3476,3480,3562,3570,3582,3666,3670,3893,3918,4406,4422,4434,4549,4575,4653,4659,4665,4671,4677,4683,4752,4760-4761,4796,4987,4992,4996,5000,5004,5008,5012,5016,5020,5024,5028-5029,5037,5041,5045,5049-5050,5054,5116,5153-5154,5159,5277,5398-5399,5414-5415,5453,5520-5522,5531,5557,5736-5737,5819,5916,5975,6009,6030,6037,6150,6221,6231,6382,6492,6570,6589-6590,6909,6913,7137,7202-7203,7257-7258,7346,7409,7417,7445,7485,7490-7491,7558-7559,7572,7629,7712,7716,7724,7947,8041,8253,8350-8351,8356,8409,8414,8420,8450,8455,8581-8582,8807,8811,8815,8884,8908-8910,8944-8945,8966,8970,9002,9006,9079,9204,9212,9216,9224,9308,9380,9403,9491,9610-9611,9615,9691,9700,9744,9852-9854,9919,9947,10062,10171,10325
packages/admin/src/locales/fr/messages.po
  s_0135e5d9216639::t_fee2bdc546c042 362,394,421,471,491,515,728,755,781,785,843,851,890,894,966,970,974,987-988,1026,1196,1205-1206,1228,1411,1506-1507,1551-1552,1610-1611,1630,1800-1801,1856,1864,1918-1920,1971,1976,1982-1983,2094,2185,2245,2344,2353,2501,2646,2654,2772,2825,2829,2846,2854,2862,3067,3108,3112,3147,3184,3223,3267,3300,3314,3318,3367,3477,3481,3563,3571,3583,3667,3671,3894,3919,4407,4423,4435,4550,4576,4654,4660,4666,4672,4678,4684,4753,4761-4762,4797,4988,4993,4997,5001,5005,5009,5013,5017,5021,5025,5029-5030,5038,5042,5046,5050-5051,5055,5117,5154-5155,5160,5278,5399-5400,5415-5416,5454,5521-5523,5532,5558,5737-5738,5820,5917,5976,6010,6031,6038,6151,6222,6232,6383,6493,6571,6590-6591,6913,6917,7141,7206-7207,7261-7262,7350,7413,7421,7449,7489,7494-7495,7562-7563,7576,7633,7716,7720,7728,7951,8045,8257,8354-8355,8360,8413,8418,8424,8454,8459,8585-8586,8811,8815,8819,8888,8912-8914,8948-8949,8970,8974,9006,9010,9083,9208,9216,9220,9228,9312,9384,9407,9495,9614-9615,9619,9695,9704,9748,9856-9858,9923,9951,10066,10175,10329
packages/admin/src/locales/hi/messages.po
  s_0135e5d9216639::t_773595f5e6093d 362,394,421,471,491,515,728,755,781,785,843,851,890,894,966,970,974,987-988,1026,1196,1205-1206,1228,1411,1506-1507,1551-1552,1610-1611,1630,1800-1801,1856,1864,1918-1920,1971,1976,1982-1983,2094,2185,2245,2344,2353,2501,2646,2654,2772,2825,2829,2846,2854,2862,3067,3108,3112,3147,3184,3223,3267,3300,3314,3318,3367,3477,3481,3563,3571,3583,3667,3671,3894,3919,4407,4423,4435,4550,4576,4654,4660,4666,4672,4678,4684,4753,4761-4762,4797,4988,4993,4997,5001,5005,5009,5013,5017,5021,5025,5029-5030,5038,5042,5046,5050-5051,5055,5117,5154-5155,5160,5278,5399-5400,5415-5416,5454,5521-5523,5532,5558,5737-5738,5820,5917,5976,6010,6031,6038,6151,6222,6232,6383,6493,6571,6590-6591,6913,6917,7141,7206-7207,7261-7262,7350,7413,7421,7449,7489,7494-7495,7562-7563,7576,7633,7716,7720,7728,7951,8045,8257,8354-8355,8360,8413,8418,8424,8454,8459,8585-8586,8811,8815,8819,8888,8912-8914,8948-8949,8970,8974,9006,9010,9083,9208,9216,9220,9228,9312,9384,9407,9495,9614-9615,9619,9695,9704,9748,9856-9858,9923,9951,10066,10175,10329
packages/admin/src/locales/hu/messages.po
  s_0135e5d9216639::t_a1caf91e93eac7 362,394,421,471,491,515,728,755,781,785,843,851,890,894,966,970,974,987-988,1026,1196,1205-1206,1228,1411,1506-1507,1551-1552,1610-1611,1630,1800-1801,1856,1864,1918-1920,1971,1976,1982-1983,2094,2185,2245,2344,2353,2501,2646,2654,2772,2825,2829,2846,2854,2862,3067,3108,3112,3147,3184,3223,3267,3300,3314,3318,3367,3477,3481,3563,3571,3583,3667,3671,3894,3919,4407,4423,4435,4550,4576,4654,4660,4666,4672,4678,4684,4753,4761-4762,4797,4988,4993,4997,5001,5005,5009,5013,5017,5021,5025,5029-5030,5038,5042,5046,5050-5051,5055,5117,5154-5155,5160,5278,5399-5400,5415-5416,5454,5521-5523,5532,5558,5737-5738,5820,5917,5976,6010,6031,6038,6151,6222,6232,6383,6493,6571,6590-6591,6913,6917,7141,7206-7207,7261-7262,7350,7413,7421,7449,7489,7494-7495,7562-7563,7576,7633,7716,7720,7728,7951,8045,8257,8354-8355,8360,8413,8418,8424,8454,8459,8585-8586,8811,8815,8819,8888,8912-8914,8948-8949,8970,8974,9006,9010,9083,9208,9216,9220,9228,9312,9384,9407,9495,9614-9615,9619,9695,9704,9748,9856-9858,9923,9951,10066,10175,10329
packages/admin/src/locales/id/messages.po
  s_0135e5d9216639::t_efd1ace82908af 362,394,421,471,491,515,728,755,781,785,843,851,890,894,966,970,974,987-988,1026,1196,1205-1206,1228,1411,1506-1507,1551-1552,1610-1611,1630,1800-1801,1856,1864,1918-1920,1971,1976,1982-1983,2094,2185,2245,2344,2353,2501,2646,2654,2772,2825,2829,2846,2854,2862,3067,3108,3112,3147,3184,3223,3267,3300,3314,3318,3367,3477,3481,3563,3571,3583,3667,3671,3894,3919,4407,4423,4435,4550,4576,4654,4660,4666,4672,4678,4684,4753,4761-4762,4797,4988,4993,4997,5001,5005,5009,5013,5017,5021,5025,5029-5030,5038,5042,5046,5050-5051,5055,5117,5154-5155,5160,5278,5399-5400,5415-5416,5454,5521-5523,5532,5558,5737-5738,5820,5917,5976,6010,6031,6038,6151,6222,6232,6383,6493,6571,6590-6591,6913,6917,7141,7206-7207,7261-7262,7350,7413,7421,7449,7489,7494-7495,7562-7563,7576,7633,7716,7720,7728,7951,8045,8257,8354-8355,8360,8413,8418,8424,8454,8459,8585-8586,8811,8815,8819,8888,8912-8914,8948-8949,8970,8974,9006,9010,9083,9208,9216,9220,9228,9312,9384,9407,9495,9614-9615,9619,9695,9704,9748,9856-9858,9923,9951,10066,10175,10329
packages/admin/src/locales/ja/messages.po
  s_0135e5d9216639::t_7dff6e8378f5e2 362,394,421,471,491,515,728,755,781,785,843,851,890,894,966,970,974,987-988,1026,1196,1205-1206,1228,1411,1506-1507,1551-1552,1610-1611,1630,1800-1801,1856,1864,1918-1920,1971,1976,1982-1983,2094,2185,2245,2344,2353,2501,2646,2654,2772,2825,2829,2846,2854,2862,3067,3108,3112,3147,3184,3223,3267,3300,3314,3318,3367,3477,3481,3563,3571,3583,3667,3671,3894,3919,4407,4423,4435,4550,4576,4654,4660,4666,4672,4678,4684,4753,4761-4762,4797,4988,4993,4997,5001,5005,5009,5013,5017,5021,5025,5029-5030,5038,5042,5046,5050-5051,5055,5117,5154-5155,5160,5278,5399-5400,5415-5416,5454,5521-5523,5532,5558,5737-5738,5820,5917,5976,6010,6031,6038,6151,6222,6232,6383,6493,6571,6590-6591,6913,6917,7141,7206-7207,7261-7262,7350,7413,7421,7449,7489,7494-7495,7562-7563,7576,7633,7716,7720,7728,7951,8045,8257,8354-8355,8360,8413,8418,8424,8454,8459,8585-8586,8811,8815,8819,8888,8912-8914,8948-8949,8970,8974,9006,9010,9083,9208,9216,9220,9228,9312,9384,9407,9495,9614-9615,9619,9695,9704,9748,9856-9858,9923,9951,10066,10175,10329
packages/admin/src/locales/ko/messages.po
  s_0135e5d9216639::t_ea558e3c7182c7 362,394,421,471,491,515,728,755,781,785,843,851,890,894,966,970,974,987-988,1026,1196,1205-1206,1228,1411,1506-1507,1551-1552,1610-1611,1630,1800-1801,1856,1864,1918-1920,1971,1976,1982-1983,2094,2185,2245,2344,2353,2501,2646,2654,2772,2825,2829,2846,2854,2862,3067,3108,3112,3147,3184,3223,3267,3300,3314,3318,3367,3474,3478,3560,3568,3580,3664,3668,3891,3916,4404,4420,4432,4547,4573,4651,4657,4663,4669,4675,4681,4750,4758-4759,4794,4985,4990,4994,4998,5002,5006,5010,5014,5018,5022,5026-5027,5035,5039,5043,5047-5048,5052,5114,5151-5152,5157,5275,5396-5397,5412-5413,5451,5518-5520,5529,5555,5734-5735,5817,5914,5973,6007,6028,6035,6148,6219,6229,6380,6490,6568,6587-6588,6907,6911,7135,7200-7201,7255-7256,7344,7407,7415,7443,7483,7488-7489,7556-7557,7570,7627,7710,7714,7722,7945,8039,8251,8348-8349,8354,8407,8412,8418,8448,8453,8579-8580,8805,8809,8813,8882,8906-8908,8942-8943,8964,8968,9000,9004,9077,9202,9210,9214,9222,9306,9378,9401,9489,9608-9609,9613,9689,9698,9742,9850-9852,9917,9945,10060,10169,10323
packages/admin/src/locales/nb/messages.po
  s_0135e5d9216639::t_d43598d3685c41 362,394,421,471,491,515,728,755,781,785,843,851,890,894,966,970,974,987-988,1026,1196,1205-1206,1228,1411,1506-1507,1551-1552,1610-1611,1630,1800-1801,1856,1864,1918-1920,1971,1976,1982-1983,2094,2185,2245,2344,2353,2501,2646,2654,2772,2825,2829,2846,2854,2862,3067,3108,3112,3147,3184,3223,3267,3300,3314,3318,3367,3477,3481,3563,3571,3583,3667,3671,3894,3919,4407,4423,4435,4550,4576,4654,4660,4666,4672,4678,4684,4753,4761-4762,4797,4988,4993,4997,5001,5005,5009,5013,5017,5021,5025,5029-5030,5038,5042,5046,5050-5051,5055,5117,5154-5155,5160,5278,5399-5400,5415-5416,5454,5521-5523,5532,5558,5737-5738,5820,5917,5976,6010,6031,6038,6151,6222,6232,6383,6493,6571,6590-6591,6913,6917,7141,7206-7207,7261-7262,7350,7413,7421,7449,7489,7494-7495,7562-7563,7576,7633,7716,7720,7728,7951,8045,8257,8354-8355,8360,8413,8418,8424,8454,8459,8585-8586,8811,8815,8819,8888,8912-8914,8948-8949,8970,8974,9006,9010,9083,9208,9216,9220,9228,9312,9384,9407,9495,9614-9615,9619,9695,9704,9748,9856-9858,9923,9951,10066,10175,10329
packages/admin/src/locales/nl/messages.po
  s_0135e5d9216639::t_97234c2a7c2eda 362,394,421,471,491,515,728,755,781,785,843,851,890,894,966,970,974,987-988,1026,1196,1205-1206,1228,1411,1506-1507,1551-1552,1610-1611,1630,1800-1801,1856,1864,1918-1920,1971,1976,1982-1983,2094,2185,2245,2344,2353,2501,2646,2654,2772,2825,2829,2846,2854,2862,3067,3108,3112,3147,3184,3223,3267,3300,3314,3318,3367,3477,3481,3563,3571,3583,3667,3671,3894,3919,4407,4423,4435,4550,4576,4654,4660,4666,4672,4678,4684,4753,4761-4762,4797,4988,4993,4997,5001,5005,5009,5013,5017,5021,5025,5029-5030,5038,5042,5046,5050-5051,5055,5117,5154-5155,5160,5278,5399-5400,5415-5416,5454,5521-5523,5532,5558,5737-5738,5820,5917,5976,6010,6031,6038,6151,6222,6232,6383,6493,6571,6590-6591,6913,6917,7141,7206-7207,7261-7262,7350,7413,7421,7449,7489,7494-7495,7562-7563,7576,7633,7716,7720,7728,7951,8045,8257,8354-8355,8360,8413,8418,8424,8454,8459,8585-8586,8811,8815,8819,8888,8912-8914,8948-8949,8970,8974,9006,9010,9083,9208,9216,9220,9228,9312,9384,9407,9495,9614-9615,9619,9695,9704,9748,9856-9858,9923,9951,10066,10175,10329
packages/admin/src/locales/pl/messages.po
  s_0135e5d9216639::t_ecd81d27e08d08 362,394,421,471,491,515,728,755,781,785,843,851,890,894,966,970,974,987-988,1026,1196,1205-1206,1228,1411,1506-1507,1551-1552,1610-1611,1630,1800-1801,1856,1864,1918-1920,1971,1976,1982-1983,2094,2185,2245,2344,2353,2501,2646,2654,2772,2825,2829,2846,2854,2862,3067,3108,3112,3147,3184,3223,3267,3300,3314,3318,3367,3474,3478,3560,3568,3580,3664,3668,3891,3916,4404,4420,4432,4547,4573,4651,4657,4663,4669,4675,4681,4750,4758-4759,4794,4985,4990,4994,4998,5002,5006,5010,5014,5018,5022,5026-5027,5035,5039,5043,5047-5048,5052,5114,5151-5152,5157,5275,5396-5397,5412-5413,5451,5518-5520,5529,5555,5734-5735,5817,5914,5973,6007,6028,6035,6148,6219,6229,6380,6490,6568,6587-6588,6907,6911,7135,7200-7201,7255-7256,7344,7407,7415,7443,7483,7488-7489,7556-7557,7570,7627,7710,7714,7722,7945,8039,8251,8348-8349,8354,8407,8412,8418,8448,8453,8579-8580,8805,8809,8813,8882,8906-8908,8942-8943,8964,8968,9000,9004,9077,9202,9210,9214,9222,9306,9378,9401,9489,9608-9609,9613,9689,9698,9742,9850-9852,9917,9945,10060,10169,10323
packages/admin/src/locales/pseudo/messages.po
  s_0135e5d9216639::t_83b0022e8dfae0 362,394,421,471,491,515,728,755,781,785,843,851,890,894,966,970,974,987-988,1026,1196,1205-1206,1228,1411,1506-1507,1551-1552,1610-1611,1630,1800-1801,1856,1864,1918-1920,1971,1976,1982-1983,2094,2185,2245,2344,2353,2501,2646,2654,2772,2825,2829,2846,2854,2862,3067,3108,3112,3147,3184,3223,3267,3300,3314,3318,3367,3474,3478,3560,3568,3580,3664,3668,3891,3916,4404,4420,4432,4547,4573,4651,4657,4663,4669,4675,4681,4750,4758-4759,4794,4985,4990,4994,4998,5002,5006,5010,5014,5018,5022,5026-5027,5035,5039,5043,5047-5048,5052,5114,5151-5152,5157,5275,5396-5397,5412-5413,5451,5518-5520,5529,5555,5734-5735,5817,5914,5973,6007,6028,6035,6148,6219,6229,6380,6490,6568,6587-6588,6907,6911,7135,7200-7201,7255-7256,7344,7407,7415,7443,7483,7488-7489,7556-7557,7570,7627,7710,7714,7722,7945,8039,8251,8348-8349,8354,8407,8412,8418,8448,8453,8579-8580,8805,8809,8813,8882,8906-8908,8942-8943,8964,8968,9000,9004,9077,9202,9210,9214,9222,9306,9378,9401,9489,9608-9609,9613,9689,9698,9742,9850-9852,9917,9945,10060,10169,10323
packages/admin/src/locales/pt-BR/messages.po
  s_0135e5d9216639::t_2a6173a56d3c95 362,394,421,471,491,515,728,755,781,785,843,851,890,894,966,970,974,987-988,1026,1196,1205-1206,1228,1411,1506-1507,1551-1552,1610-1611,1630,1800-1801,1856,1864,1918-1920,1971,1976,1982-1983,2094,2185,2245,2344,2353,2501,2646,2654,2772,2825,2829,2846,2854,2862,3067,3108,3112,3147,3184,3223,3267,3300,3314,3318,3367,3474,3478,3560,3568,3580,3664,3668,3891,3916,4404,4420,4432,4547,4573,4651,4657,4663,4669,4675,4681,4750,4758-4759,4794,4985,4990,4994,4998,5002,5006,5010,5014,5018,5022,5026-5027,5035,5039,5043,5047-5048,5052,5114,5151-5152,5157,5275,5396-5397,5412-5413,5451,5518-5520,5529,5555,5734-5735,5817,5914,5973,6007,6028,6035,6148,6219,6229,6380,6490,6568,6587-6588,6907,6911,7135,7200-7201,7255-7256,7344,7407,7415,7443,7483,7488-7489,7556-7557,7570,7627,7710,7714,7722,7945,8039,8251,8348-8349,8354,8407,8412,8418,8448,8453,8579-8580,8805,8809,8813,8882,8906-8908,8942-8943,8964,8968,9000,9004,9077,9202,9210,9214,9222,9306,9378,9401,9489,9608-9609,9613,9689,9698,9742,9850-9852,9917,9945,10060,10169,10323
packages/admin/src/locales/sr-Latn/messages.po
  s_0135e5d9216639::t_d43f91b11c3478 362,394,421,471,491,515,728,755,781,785,843,851,890,894,966,970,974,987-988,1026,1196,1205-1206,1228,1411,1506-1507,1551-1552,1610-1611,1630,1800-1801,1856,1864,1918-1920,1971,1976,1982-1983,2094,2185,2245,2344,2353,2501,2646,2654,2772,2825,2829,2846,2854,2862,3067,3108,3112,3147,3184,3223,3267,3300,3314,3318,3367,3477,3481,3563,3571,3583,3667,3671,3894,3919,4407,4423,4435,4550,4576,4654,4660,4666,4672,4678,4684,4753,4761-4762,4797,4988,4993,4997,5001,5005,5009,5013,5017,5021,5025,5029-5030,5038,5042,5046,5050-5051,5055,5117,5154-5155,5160,5278,5399-5400,5415-5416,5454,5521-5523,5532,5558,5737-5738,5820,5917,5976,6010,6031,6038,6151,6222,6232,6383,6493,6571,6590-6591,6913,6917,7141,7206-7207,7261-7262,7350,7413,7421,7449,7489,7494-7495,7562-7563,7576,7633,7716,7720,7728,7951,8045,8257,8354-8355,8360,8413,8418,8424,8454,8459,8585-8586,8811,8815,8819,8888,8912-8914,8948-8949,8970,8974,9006,9010,9083,9208,9216,9220,9228,9312,9384,9407,9495,9614-9615,9619,9695,9704,9748,9856-9858,9923,9951,10066,10175,10329
packages/admin/src/locales/sv/messages.po
  s_0135e5d9216639::t_787572626b3a6d 362,394,421,471,491,515,728,755,781,785,843,851,890,894,966,970,974,987-988,1026,1196,1205-1206,1228,1411,1506-1507,1551-1552,1610-1611,1630,1800-1801,1856,1864,1918-1920,1971,1976,1982-1983,2094,2185,2245,2344,2353,2501,2646,2654,2772,2825,2829,2846,2854,2862,3067,3108,3112,3147,3184,3223,3267,3300,3314,3318,3367,3477,3481,3563,3571,3583,3667,3671,3894,3919,4407,4423,4435,4550,4576,4654,4660,4666,4672,4678,4684,4753,4761-4762,4797,4988,4993,4997,5001,5005,5009,5013,5017,5021,5025,5029-5030,5038,5042,5046,5050-5051,5055,5117,5154-5155,5160,5278,5399-5400,5415-5416,5454,5521-5523,5532,5558,5737-5738,5820,5917,5976,6010,6031,6038,6151,6222,6232,6383,6493,6571,6590-6591,6913,6917,7141,7206-7207,7261-7262,7350,7413,7421,7449,7489,7494-7495,7562-7563,7576,7633,7716,7720,7728,7951,8045,8257,8354-8355,8360,8413,8418,8424,8454,8459,8585-8586,8811,8815,8819,8888,8912-8914,8948-8949,8970,8974,9006,9010,9083,9208,9216,9220,9228,9312,9384,9407,9495,9614-9615,9619,9695,9704,9748,9856-9858,9923,9951,10066,10175,10329
packages/admin/src/locales/th/messages.po
  s_0135e5d9216639::t_90477a7c5d8bbe 362,394,421,471,491,515,728,755,781,785,843,851,890,894,966,970,974,987-988,1026,1196,1205-1206,1228,1411,1506-1507,1551-1552,1610-1611,1630,1800-1801,1856,1864,1918-1920,1971,1976,1982-1983,2094,2185,2245,2344,2353,2501,2646,2654,2772,2825,2829,2846,2854,2862,3067,3108,3112,3147,3184,3223,3267,3300,3314,3318,3367,3474,3478,3560,3568,3580,3664,3668,3891,3916,4404,4420,4432,4547,4573,4651,4657,4663,4669,4675,4681,4750,4758-4759,4794,4985,4990,4994,4998,5002,5006,5010,5014,5018,5022,5026-5027,5035,5039,5043,5047-5048,5052,5114,5151-5152,5157,5275,5396-5397,5412-5413,5451,5518-5520,5529,5555,5734-5735,5817,5914,5973,6007,6028,6035,6148,6219,6229,6380,6490,6568,6587-6588,6910,6914,7138,7203-7204,7258-7259,7347,7410,7418,7446,7486,7491-7492,7559-7560,7573,7630,7713,7717,7725,7948,8042,8254,8351-8352,8357,8410,8415,8421,8451,8456,8582-8583,8808,8812,8816,8885,8909-8911,8945-8946,8967,8971,9003,9007,9080,9205,9213,9217,9225,9309,9381,9404,9492,9611-9612,9616,9692,9701,9745,9853-9855,9920,9948,10063,10172,10326
packages/admin/src/locales/tr/messages.po
  s_0135e5d9216639::t_4113f0d5cd395f 362,394,421,471,491,515,728,755,781,785,843,851,890,894,966,970,974,987-988,1026,1196,1205-1206,1228,1411,1506-1507,1551-1552,1610-1611,1630,1800-1801,1856,1864,1918-1920,1971,1976,1982-1983,2094,2185,2245,2344,2353,2501,2646,2654,2772,2825,2829,2846,2854,2862,3067,3108,3112,3147,3184,3223,3267,3300,3314,3318,3367,3477,3481,3563,3571,3583,3667,3671,3894,3919,4407,4423,4435,4550,4576,4654,4660,4666,4672,4678,4684,4753,4761-4762,4797,4988,4993,4997,5001,5005,5009,5013,5017,5021,5025,5029-5030,5038,5042,5046,5050-5051,5055,5117,5154-5155,5160,5278,5399-5400,5415-5416,5454,5521-5523,5532,5558,5737-5738,5820,5917,5976,6010,6031,6038,6151,6222,6232,6383,6493,6571,6590-6591,6913,6917,7141,7206-7207,7261-7262,7350,7413,7421,7449,7489,7494-7495,7562-7563,7576,7633,7716,7720,7728,7951,8045,8257,8354-8355,8360,8413,8418,8424,8454,8459,8585-8586,8811,8815,8819,8888,8912-8914,8948-8949,8970,8974,9006,9010,9083,9208,9216,9220,9228,9312,9384,9407,9495,9614-9615,9619,9695,9704,9748,9856-9858,9923,9951,10066,10175,10329
packages/admin/src/locales/uk/messages.po
  s_0135e5d9216639::t_67bc39dbd82a12 362,394,421,471,491,515,728,755,781,785,843,851,890,894,966,970,974,987-988,1026,1196,1205-1206,1228,1411,1506-1507,1551-1552,1610-1611,1630,1800-1801,1856,1864,1918-1920,1971,1976,1982-1983,2094,2185,2245,2344,2353,2501,2646,2654,2772,2825,2829,2846,2854,2862,3067,3108,3112,3147,3184,3223,3267,3300,3314,3318,3367,3477,3481,3563,3571,3583,3667,3671,3894,3919,4407,4423,4435,4550,4576,4654,4660,4666,4672,4678,4684,4753,4761-4762,4797,4988,4993,4997,5001,5005,5009,5013,5017,5021,5025,5029-5030,5038,5042,5046,5050-5051,5055,5117,5154-5155,5160,5278,5399-5400,5415-5416,5454,5521-5523,5532,5558,5737-5738,5820,5917,5976,6010,6031,6038,6151,6222,6232,6383,6493,6571,6590-6591,6913,6917,7141,7206-7207,7261-7262,7350,7413,7421,7449,7489,7494-7495,7562-7563,7576,7633,7716,7720,7728,7951,8045,8257,8354-8355,8360,8413,8418,8424,8454,8459,8585-8586,8811,8815,8819,8888,8912-8914,8948-8949,8970,8974,9006,9010,9083,9208,9216,9220,9228,9312,9384,9407,9495,9614-9615,9619,9695,9704,9748,9856-9858,9923,9951,10066,10175,10329
packages/admin/src/locales/zh-CN/messages.po
  s_0135e5d9216639::t_ed0905f502fff5 362,394,421,471,491,515,728,755,781,785,843,851,890,894,966,970,974,987-988,1026,1196,1205-1206,1228,1411,1506-1507,1551-1552,1610-1611,1630,1800-1801,1856,1864,1918-1920,1971,1976,1982-1983,2094,2185,2245,2344,2353,2501,2646,2654,2772,2825,2829,2846,2854,2862,3067,3108,3112,3147,3184,3223,3267,3300,3314,3318,3367,3477,3481,3563,3571,3583,3667,3671,3894,3919,4407,4423,4435,4550,4576,4654,4660,4666,4672,4678,4684,4753,4761-4762,4797,4988,4993,4997,5001,5005,5009,5013,5017,5021,5025,5029-5030,5038,5042,5046,5050-5051,5055,5117,5154-5155,5160,5278,5399-5400,5415-5416,5454,5521-5523,5532,5558,5737-5738,5820,5917,5976,6010,6031,6038,6151,6222,6232,6383,6493,6571,6590-6591,6913,6917,7141,7206-7207,7261-7262,7350,7413,7421,7449,7489,7494-7495,7562-7563,7576,7633,7716,7720,7728,7951,8045,8257,8354-8355,8360,8413,8418,8424,8454,8459,8585-8586,8811,8815,8819,8888,8912-8914,8948-8949,8970,8974,9006,9010,9083,9208,9216,9220,9228,9312,9384,9407,9495,9614-9615,9619,9695,9704,9748,9856-9858,9923,9951,10066,10175,10329
packages/admin/src/locales/zh-TW/messages.po
  s_0135e5d9216639::t_0d4ec9843b5962 362,394,421,471,491,515,728,755,781,785,843,851,890,894,966,970,974,987-988,1026,1196,1205-1206,1228,1411,1506-1507,1551-1552,1610-1611,1630,1800-1801,1856,1864,1918-1920,1971,1976,1982-1983,2094,2185,2245,2344,2353,2501,2646,2654,2772,2825,2829,2846,2854,2862,3067,3108,3112,3147,3184,3223,3267,3300,3314,3318,3367,3477,3481,3563,3571,3583,3667,3671,3894,3919,4407,4423,4435,4550,4576,4654,4660,4666,4672,4678,4684,4753,4761-4762,4797,4988,4993,4997,5001,5005,5009,5013,5017,5021,5025,5029-5030,5038,5042,5046,5050-5051,5055,5117,5154-5155,5160,5278,5399-5400,5415-5416,5454,5521-5523,5532,5558,5737-5738,5820,5917,5976,6010,6031,6038,6151,6222,6232,6383,6493,6571,6590-6591,6913,6917,7141,7206-7207,7261-7262,7350,7413,7421,7449,7489,7494-7495,7562-7563,7576,7633,7716,7720,7728,7951,8045,8257,8354-8355,8360,8413,8418,8424,8454,8459,8585-8586,8811,8815,8819,8888,8912-8914,8948-8949,8970,8974,9006,9010,9083,9208,9216,9220,9228,9312,9384,9407,9495,9614-9615,9619,9695,9704,9748,9856-9858,9923,9951,10066,10175,10329
packages/admin/tests/components/ContentEditor.test.tsx
  s_0135e5d9216639::t_f5975072e1cee8 1669-1691
packages/admin/tests/components/ContentList.test.tsx
  s_0135e5d9216639::t_fb03f168474b88 91-117
packages/admin/tests/components/ImageDetailPanel.test.tsx
  s_0135e5d9216639::t_b45b2a7c06296f 211
packages/admin/tests/components/MediaDetailPanel.test.tsx
  s_0135e5d9216639::t_d3cb47e012a115 481-486
packages/admin/tests/components/MediaDetailPanelNavigation.test.tsx
  s_0135e5d9216639::t_565420603586fd 151,155
packages/admin/tests/editor/PortableTextEditor.test.tsx
  s_0135e5d9216639::t_9d33444179cfaa 307-444,576-596
packages/admin/tests/editor/plugin-block-conversion.test.ts
  s_0135e5d9216639::t_cbe4932283ed94 154,157-160,162-163,200-233,259,270,275,283,292,297
packages/admin/tests/lib/url.test.ts
  s_0135e5d9216639::t_8efd1493e0b841 3-32
packages/cloudflare/src/db/d1-rest-dialect.ts
  s_0135e5d9216639::t_df05e88563103f 253-260
packages/cloudflare/tests/db/d1-migrations.test.ts
  s_0135e5d9216639::t_67d20f1b13a753 44,47-49,51-52
packages/cloudflare/tests/db/d1-rest-dialect.test.ts
  s_0135e5d9216639::t_d4df7f34aac5b6 115-135
packages/core/src/api/schemas/schema.ts
  s_0135e5d9216639::t_7c43d21d5ffd0d 179-180,273-274
packages/core/src/content/converters/index.ts
  s_0135e5d9216639::t_94a51f30cf8998 9-10
packages/core/src/content/converters/mark-safety.ts
  s_0135e5d9216639::t_19eb7377af647c 25
packages/core/src/content/converters/portable-text-identity.ts
  s_0135e5d9216639::t_3217231afac9ea 1-139
packages/core/src/content/converters/portable-text-to-prosemirror.ts
  s_0135e5d9216639::t_c2427c00492f34 18-23,37-49,57,99,124-128,131,137,151-158,208-209,225,227,230,234,239-246,250,256,260-287,304-307,311,324-331,339,352-356,369,390-396,400-402,425,430,433,443-445,473-478,496,503,514-519,524,530-542,626,629-644,653-656,673-688,695-698,701-707
packages/core/src/content/converters/prosemirror-to-portable-text.ts
  s_0135e5d9216639::t_b81693478d0f2d 13-20,52,55,57-61,63-64,71-78,87-89,120,151,154,196,244,300-303,324,337,360,393,409-420,425,428,434-446,449,451,461-463,474,489,516-518,521-522,525-526,530-531,533,537,539
packages/core/src/database/repositories/content.ts
  s_0135e5d9216639::t_e3fa540ac1ae96 850-858,883,1042,1558,1562
packages/core/src/emdash-runtime.ts
  s_0135e5d9216639::t_e6a1a8154c1918 2720-2724
packages/core/src/index.ts
  s_0135e5d9216639::t_8b7aaf4ac758a3 110-114,116
packages/core/src/mcp/server.ts
  s_0135e5d9216639::t_2ecb3cd2c82b49 172-177
packages/core/tests/integration/cli/cli.test.ts
  s_0135e5d9216639::t_146f2a01986149 278,282
packages/core/tests/integration/client/client.test.ts
  s_0135e5d9216639::t_5706267c4db4d1 325,329
packages/core/tests/unit/api/schema-update-collection-display-fields.test.ts
  s_0135e5d9216639::t_53659e38d0692d 1-100
packages/core/tests/unit/converters/custom-block-round-trip.test.ts
  s_0135e5d9216639::t_fd37b747b910dc 1-181
packages/core/tests/unit/database/repositories/content.test.ts
  s_0135e5d9216639::t_202f73b11304ef 2,24,323-367,497-512
packages/core/tests/unit/runtime/manifest-build.test.ts
  s_0135e5d9216639::t_72903431312a5d 152-168
packages/plugin-cli/scripts/gen-schema.ts
  s_0135e5d9216639::t_4c861896a77d9a 11-13
packages/plugin-cli/tests/schema-drift.test.ts
  s_0135e5d9216639::t_d5609488dad5e3 11-14,29-53,57,61,68-77
templates/blog-cloudflare/src/pages/posts/[slug].astro
  s_0135e5d9216639::t_8d83eb8afcc1ad 63
templates/blog/src/pages/posts/[slug].astro
  s_0135e5d9216639::t_b03b932b0f62f2 63
templates/starter-cloudflare/src/pages/[slug].astro
  s_0135e5d9216639::t_9aeb21887110a4 25
templates/starter-cloudflare/src/pages/posts/[slug].astro
  s_0135e5d9216639::t_17d0544d7b6c33 26
templates/starter/src/pages/[slug].astro
  s_0135e5d9216639::t_fb3a0006546e4d 25
templates/starter/src/pages/posts/[slug].astro
  s_0135e5d9216639::t_63bea221f6a328 26
---
{
  "schema_version": "authorship/3.0.0",
  "git_ai_version": "1.6.10",
  "base_commit_sha": "33b87d1d0b6d3be05e3d7c8d117e06fb98d54cf7",
  "prompts": {},
  "sessions": {
    "s_0135e5d9216639": {
      "agent_id": {
        "tool": "codex",
        "id": "01a03fe1-a722-7b93-a812-81ddc9e4f136",
        "model": "gpt-6-astra"
      },
      "human_author": "khoinguyenpham04 <137921741+khoinguyenpham04@users.noreply.github.com>"
    }
  }
}