.changeset/bright-snapshots-travel.md
  s_669e4e36f3cd5c::t_7aff0faea2e510 1-5
.changeset/complete-pt-br-admin-translation.md
  s_669e4e36f3cd5c::t_8e3b63b23972c6 1-5
.changeset/emdashhead-seo-panel.md
  s_669e4e36f3cd5c::t_aea12e6732e39f 1-29
.changeset/entry-edit-lock.md
  s_669e4e36f3cd5c::t_f8778843e96172 1-30
.changeset/permalink-date-tokens.md
  s_669e4e36f3cd5c::t_481bb4f1fabd70 1-6
.changeset/term-counts-missing-tables.md
  s_669e4e36f3cd5c::t_8e381573f4770e 1-5
docs/src/content/docs/contributing/architecture.mdx
  s_669e4e36f3cd5c::t_51076c1c5fae9e 8,14,16-26,28,30,32-42,46,48-55,57,59,61-67,69,73,77,79,82-84,86-94,96-98,102,104,110,115,119-121,125,129,131-134,136-138,140,145-146,149,151,153,164,168,172-176,180-182,186-190,196-198,200-201,203-205,207-210,212,215-216,219,223-224,226,228-230,232-237,239,243,247,249,257,261,265-268,274,276,278-287,291
docs/src/content/docs/contributing/docs-style-guide.mdx
  s_669e4e36f3cd5c::t_9aa004700f4922 76-81
docs/src/content/docs/contributing/index.mdx
  s_669e4e36f3cd5c::t_fcbe85a12a8518 8,10,12,16,22,25,32,34,36,38,42,44,46,58,63,95-97,99,101,103,105
docs/src/content/docs/contributing/translating.mdx
  s_669e4e36f3cd5c::t_cd07e5a48fb1aa 148,152
docs/src/content/docs/deployment/cloudflare.mdx
  s_669e4e36f3cd5c::t_5655b10a7e80a5 457,459-460,462-463,471-472,489-491
docs/src/content/docs/deployment/nodejs.mdx
  s_669e4e36f3cd5c::t_d41ed9602a36bd 173,175-176,178,184-186
docs/src/content/docs/deployment/secrets.mdx
  s_669e4e36f3cd5c::t_8f1f3d479ea2c1 14,27-29,31-32,42,45-46,100
docs/src/content/docs/guides/backups.mdx
  s_669e4e36f3cd5c::t_dfeb384f48ec8e 8-9,13,16-30,34-38,43-44,100-104,106,108,110-111
docs/src/content/docs/guides/dark-mode.mdx
  s_669e4e36f3cd5c::t_52657e541c6d91 62,91,94-104,107
docs/src/content/docs/guides/menus.mdx
  s_669e4e36f3cd5c::t_c0e1ceb472c5ef 3,6,8,10,12,14,16,18,20,22,24,26,28,30-35,37,39,41,43-45,48,50-51,53-57,60-101,107,109,111,113-116,118,120,122,124,126,128
docs/src/content/docs/guides/page-layouts.mdx
  s_669e4e36f3cd5c::t_5bf1ea2236d98d 6,8,20,40,45,69,74,102,106,118-121,123,132-133,143
docs/src/content/docs/guides/querying-content.mdx
  s_669e4e36f3cd5c::t_de053ceb3a4dd3 201,233
docs/src/content/docs/guides/sections.mdx
  s_669e4e36f3cd5c::t_e6c82e74bc5664 3,6,8,10,12,14,16,18,20,22,24,26,28,30,34,36,38,40,42,44,46,48,50,54,57-61,65-73,77-85,93,95,97,99,101,103,108,111-113,118,120-123,125
docs/src/content/docs/guides/site-settings.mdx
  s_669e4e36f3cd5c::t_e75d738e87433e 3,6,8,10,12,14-16,18,20,22,24,26,28,30,32,34,36,39-40,47,49-61,64-87,89-93,96-100,102-104,111,115-116,118-119,122,125,127,129,131,133-135,137-139,141-164,167,169,171,173,175-178,180
docs/src/content/docs/guides/taxonomies.mdx
  s_669e4e36f3cd5c::t_775cd83f6ff2f9 3,6,8,10,12,14,16,18,20,22,24,26,28,30,32,34,36,38,40,42,44,46,48,50,52,55,57-59,63,65,67,69,71,73-74,76-79,82-84,88,90,92-93,95-96,106,108,110,112,114,116-118,120-124,126-127,130-135,137-140,143-145,147-154,156-158,160,163,165,167,169,171,173-176,178-180,182-185,187-189,191,193-201,203-212,214,216,218,220,222,224-227,229
docs/src/content/docs/guides/widgets.mdx
  s_669e4e36f3cd5c::t_6d885fc1d04c17 3,6,8,10,12,14,16,18,20,22,24,26,28-30,32,34,36-42,44,46,48,50,52,55-58,60-62,66,68,71-72,74,78-88,95,97,99,101-104,106,108,110,112-115,117-118,121-122,124-130,133,135-140,142-144,146-150,152-157,159-161,163-186,188,190
docs/src/content/docs/guides/working-with-content.mdx
  s_669e4e36f3cd5c::t_3275f356a64e35 184-202,214,257,275-284,286-287,304-313,321-323,331-347,353,360-362
docs/src/content/docs/plugins/creating-plugins/api-routes.mdx
  s_669e4e36f3cd5c::t_499f3b6689d2f0 117,133-137
docs/src/content/docs/plugins/creating-plugins/capabilities.mdx
  s_669e4e36f3cd5c::t_5dda04fd65d04c 105
docs/src/content/docs/plugins/creating-plugins/hooks.mdx
  s_669e4e36f3cd5c::t_e33699e230c806 330
docs/src/content/docs/reference/cli.mdx
  s_669e4e36f3cd5c::t_5a1ae3267b12d3 259-264,268-272
docs/src/content/docs/reference/mcp-server.mdx
  s_669e4e36f3cd5c::t_4d8c87e8ef6412 92-93,330,352
docs/src/content/docs/reference/rest-api.mdx
  s_669e4e36f3cd5c::t_9e367b2b2c6256 159-203,1190
docs/src/content/docs/themes/seed-files.mdx
  s_669e4e36f3cd5c::t_a9639a3e2c458b 126
e2e/tests/entry-lock.spec.ts
  s_669e4e36f3cd5c::t_df3597b9a26592 1-139
packages/admin/src/components/ContentEditor.tsx
  s_669e4e36f3cd5c::t_5357d002056e0f 254-257,309-310,496-497,525-530,564-571,626,779-780,791-792,828-829,938-940,946-949,989,1005-1007,1009-1011,1013-1025,1027-1029,1031-1058,1078-1128,1140-1167,1169-1218,1473-1474,1491,1618
packages/admin/src/components/ContentList.tsx
  s_669e4e36f3cd5c::t_2e0dab374ae13d 1329-1330
packages/admin/src/components/ContentTypeEditor.tsx
  s_669e4e36f3cd5c::t_a7a0946603acd4 164,206,224,271,282,441-454,469
packages/admin/src/components/EntryLockNotice.tsx
  s_669e4e36f3cd5c::t_6ad61639de859d 1-99
packages/admin/src/lib/api/entry-lock.ts
  s_669e4e36f3cd5c::t_37333384666e90 1-88
packages/admin/src/lib/api/index.ts
  s_669e4e36f3cd5c::t_38efa3407aa266 420-428
packages/admin/src/lib/api/schema.ts
  s_669e4e36f3cd5c::t_923983fe00ad96 50-51,104,123
packages/admin/src/lib/url.ts
  s_669e4e36f3cd5c::t_8af1e9c58243c3 15-18,37-62,67-69,79-83
packages/admin/src/lib/useEntryLock.ts
  s_669e4e36f3cd5c::t_5dacb3d6178c2f 1-236
packages/admin/src/locales/ar/messages.po
  s_669e4e36f3cd5c::t_ac55e5461a538b 93,211,300,305,310,331-332,549-560,657,675,712,824,838,842,913,1065,1150-1164,1166-1167,1195-1198,1276,1381,1403,1442,1446,1641-1642,1792,2002,2018,2081,2086,2173,2185,2197,2201,2442,2577,2649,2753,2759,2799,2846,2883,2887,2931,2993,3166,3287,3337,3380,3384,3388,3441-3444,3592,3638,3646,3658,3693,3742,3838,3842-3845,3865,3870,3878,3940,3948,3978,4067-4068,4110,4179-4183,4195-4196,4204-4207,4229,4233,4246,4267-4269,4288,4319,4323,4327,4373,4418,4455,4550,4554,4580,4705,4812-4815,5224,5370,5374,5511-5512,5541,5557-5558,6037,6088,6122,6143,6150,6164,6168,6246,6263,6275,6354,6453,6701,6782-6785,6910,7020-7031,7034,7070,7074,7236,7240,7363,7372,7453-7456,7570,7606,7719-7720,7733,7794,7799,7873,7885,7924,7962,8061,8108,8209,8408,8515-8516,8574,8677,8719,8750-8752,8956,9077,9159,9167,9194-9203,9327,9407,9419,9423-9426,9440,9686,9853,9885,9897,9916,10079,10176,10190,10291,10412,10582,10642,10646-10649
packages/admin/src/locales/ca/messages.po
  s_669e4e36f3cd5c::t_9db000478425eb 89,207,296,301,306,327-328,545-556,653,671,708,820,834,838,909,1061,1146-1160,1162-1163,1191-1194,1272,1377,1399,1438,1442,1637-1638,1788,1998,2014,2077,2082,2169,2181,2193,2197,2438,2573,2645,2749,2755,2795,2842,2879,2883,2927,2989,3162,3283,3333,3376,3380,3384,3437-3440,3591,3637,3645,3657,3692,3741,3837,3841-3844,3864,3869,3877,3939,3947,3977,4066-4067,4109,4178-4182,4194-4195,4203-4206,4228,4232,4245,4266-4268,4287,4318,4322,4326,4372,4417,4454,4549,4553,4579,4704,4811-4814,5223,5369,5373,5510-5511,5540,5556-5557,6036,6087,6121,6142,6149,6163,6167,6245,6262,6274,6353,6452,6700,6781-6784,6909,7019-7030,7033,7069,7073,7235,7239,7362,7371,7452-7455,7569,7605,7718-7719,7732,7793,7798,7872,7884,7923,7961,8060,8107,8208,8407,8514-8515,8573,8676,8718,8749-8751,8955,9076,9158,9166,9193-9202,9326,9406,9418,9422-9425,9439,9685,9852,9884,9896,9915,10078,10175,10189,10290,10411,10581,10641,10645-10648
packages/admin/src/locales/cs/messages.po
  s_669e4e36f3cd5c::t_bfe23b66265b82 89,207,296,301,306,327-328,545-556,653,671,708,820,834,838,909,1061,1146-1160,1162-1163,1191-1194,1272,1377,1399,1438,1442,1637-1638,1788,1998,2014,2077,2082,2169,2181,2193,2197,2438,2573,2645,2749,2755,2795,2842,2879,2883,2927,2989,3162,3283,3333,3376,3380,3384,3437-3440,3591,3637,3645,3657,3692,3741,3837,3841-3844,3864,3869,3877,3939,3947,3977,4066-4067,4109,4178-4182,4194-4195,4203-4206,4228,4232,4245,4266-4268,4287,4318,4322,4326,4372,4417,4454,4549,4553,4579,4704,4811-4814,5223,5369,5373,5510-5511,5540,5556-5557,6036,6087,6121,6142,6149,6163,6167,6245,6262,6274,6353,6452,6700,6781-6784,6909,7019-7030,7033,7069,7073,7235,7239,7362,7371,7452-7455,7569,7605,7718-7719,7732,7793,7798,7872,7884,7923,7961,8060,8107,8208,8407,8514-8515,8573,8676,8718,8749-8751,8955,9076,9158,9166,9193-9202,9326,9406,9418,9422-9425,9439,9685,9852,9884,9896,9915,10078,10175,10189,10290,10411,10581,10641,10645-10648
packages/admin/src/locales/de/messages.po
  s_669e4e36f3cd5c::t_95304c92452707 89,207,296,301,306,327-328,545-556,653,671,708,820,834,838,909,1061,1146-1160,1162-1163,1191-1194,1272,1377,1399,1438,1442,1637-1638,1788,1998,2014,2077,2082,2169,2181,2193,2197,2438,2573,2645,2749,2755,2795,2842,2879,2883,2927,2989,3162,3283,3333,3376,3380,3384,3437-3440,3591,3637,3645,3657,3692,3741,3837,3841-3844,3864,3869,3877,3939,3947,3977,4066-4067,4109,4178-4182,4194-4195,4203-4206,4228,4232,4245,4266-4268,4287,4318,4322,4326,4372,4417,4454,4549,4553,4579,4704,4811-4814,5223,5369,5373,5510-5511,5540,5556-5557,6036,6087,6121,6142,6149,6163,6167,6245,6262,6274,6353,6452,6700,6781-6784,6909,7019-7030,7033,7069,7073,7235,7239,7362,7371,7452-7455,7569,7605,7718-7719,7732,7793,7798,7872,7884,7923,7961,8060,8107,8208,8407,8514-8515,8573,8676,8718,8749-8751,8955,9076,9158,9166,9193-9202,9326,9406,9418,9422-9425,9439,9685,9852,9884,9896,9915,10078,10175,10189,10290,10411,10581,10641,10645-10648
packages/admin/src/locales/en-GB/messages.po
  s_669e4e36f3cd5c::t_f0fbef002d061e 89,207,296,301,306,327-328,545-556,653,671,708,820,834,838,909,1061,1146-1160,1162-1163,1191-1194,1272,1377,1399,1438,1442,1637-1638,1788,1998,2014,2077,2082,2169,2181,2193,2197,2438,2573,2645,2749,2755,2795,2842,2879,2883,2927,2989,3162,3283,3333,3376,3380,3384,3437-3440,3591,3637,3645,3657,3692,3741,3837,3841-3844,3864,3869,3877,3939,3947,3977,4066-4067,4109,4178-4182,4194-4195,4203-4206,4228,4232,4245,4266-4268,4287,4318,4322,4326,4372,4417,4454,4549,4553,4579,4704,4811-4814,5223,5369,5373,5510-5511,5540,5556-5557,6036,6087,6121,6142,6149,6163,6167,6245,6262,6274,6353,6452,6700,6781-6784,6909,7019-7030,7033,7069,7073,7235,7239,7362,7371,7452-7455,7569,7605,7718-7719,7732,7793,7798,7872,7884,7923,7961,8060,8107,8208,8407,8514-8515,8573,8676,8718,8749-8751,8955,9076,9158,9166,9193-9202,9326,9406,9418,9422-9425,9439,9685,9852,9884,9896,9915,10078,10175,10189,10290,10411,10581,10641,10645-10648
packages/admin/src/locales/en/messages.po
  s_669e4e36f3cd5c::t_14d77ca293c358 89,207,296,301,306,327-328,545-556,653,671,708,820,834,838,909,1061,1146-1160,1162-1163,1191-1194,1272,1377,1399,1438,1442,1637-1638,1788,1998,2014,2077,2082,2169,2181,2193,2197,2438,2573,2645,2749,2755,2795,2842,2879,2883,2927,2989,3162,3283,3333,3376,3380,3384,3437-3440,3591,3637,3645,3657,3692,3741,3837,3841-3844,3864,3869,3877,3939,3947,3977,4066-4067,4109,4178-4182,4194-4195,4203-4206,4228,4232,4245,4266-4268,4287,4318,4322,4326,4372,4417,4454,4549,4553,4579,4704,4811-4814,5223,5369,5373,5510-5511,5540,5556-5557,6036,6087,6121,6142,6149,6163,6167,6245,6262,6274,6353,6452,6700,6781-6784,6909,7019-7030,7033,7069,7073,7235,7239,7362,7371,7452-7455,7569,7605,7718-7719,7732,7793,7798,7872,7884,7923,7961,8060,8107,8208,8407,8514-8515,8573,8676,8718,8749-8751,8955,9076,9158,9166,9193-9202,9326,9406,9418,9422-9425,9439,9685,9852,9884,9896,9915,10078,10175,10189,10290,10411,10581,10641,10645-10648
packages/admin/src/locales/es-419/messages.po
  s_669e4e36f3cd5c::t_be334f62fa3b24 89,207,296,301,306,327-328,545-556,653,671,708,820,834,838,909,1061,1146-1160,1162-1163,1191-1194,1272,1377,1399,1438,1442,1637-1638,1788,1998,2014,2077,2082,2169,2181,2193,2197,2438,2573,2645,2749,2755,2795,2842,2879,2883,2927,2989,3162,3283,3333,3376,3380,3384,3437-3440,3591,3637,3645,3657,3692,3741,3837,3841-3844,3864,3869,3877,3939,3947,3977,4066-4067,4109,4178-4182,4194-4195,4203-4206,4228,4232,4245,4266-4268,4287,4318,4322,4326,4372,4417,4454,4549,4553,4579,4704,4811-4814,5223,5369,5373,5510-5511,5540,5556-5557,6036,6087,6121,6142,6149,6163,6167,6245,6262,6274,6353,6452,6700,6781-6784,6909,7019-7030,7033,7069,7073,7235,7239,7362,7371,7452-7455,7569,7605,7718-7719,7732,7793,7798,7872,7884,7923,7961,8060,8107,8208,8407,8514-8515,8573,8676,8718,8749-8751,8955,9076,9158,9166,9193-9202,9326,9406,9418,9422-9425,9439,9685,9852,9884,9896,9915,10078,10175,10189,10290,10411,10581,10641,10645-10648
packages/admin/src/locales/es-ES/messages.po
  s_669e4e36f3cd5c::t_5e37d3bd534a74 89,207,296,301,306,327-328,545-556,653,671,708,820,834,838,909,1061,1146-1160,1162-1163,1191-1194,1272,1377,1399,1438,1442,1637-1638,1788,1998,2014,2077,2082,2169,2181,2193,2197,2438,2573,2645,2749,2755,2795,2842,2879,2883,2927,2989,3162,3283,3333,3376,3380,3384,3437-3440,3588,3634,3642,3654,3689,3738,3834,3838-3841,3861,3866,3874,3936,3944,3974,4063-4064,4106,4175-4179,4191-4192,4200-4203,4225,4229,4242,4263-4265,4284,4315,4319,4323,4369,4414,4451,4546,4550,4576,4701,4808-4811,5220,5366,5370,5507-5508,5537,5553-5554,6033,6084,6118,6139,6146,6160,6164,6242,6259,6271,6350,6449,6697,6778-6781,6906,7016-7027,7030,7066,7070,7232,7236,7359,7368,7449-7452,7566,7602,7715-7716,7729,7790,7795,7869,7881,7920,7958,8057,8104,8205,8404,8511-8512,8570,8673,8715,8746-8748,8952,9073,9155,9163,9190-9199,9323,9403,9415,9419-9422,9436,9682,9849,9881,9893,9912,10075,10172,10186,10287,10408,10578,10638,10642-10645
packages/admin/src/locales/eu/messages.po
  s_669e4e36f3cd5c::t_d8312fb46cec89 89,207,296,301,306,327-328,545-556,653,671,708,820,834,838,909,1061,1146-1160,1162-1163,1191-1194,1272,1377,1399,1438,1442,1637-1638,1788,1998,2014,2077,2082,2169,2181,2193,2197,2438,2573,2645,2749,2755,2795,2842,2879,2883,2927,2989,3162,3283,3333,3376,3380,3384,3437-3440,3588,3634,3642,3654,3689,3738,3834,3838-3841,3861,3866,3874,3936,3944,3974,4063-4064,4106,4175-4179,4191-4192,4200-4203,4225,4229,4242,4263-4265,4284,4315,4319,4323,4369,4414,4451,4546,4550,4576,4701,4808-4811,5220,5366,5370,5507-5508,5537,5553-5554,6033,6084,6118,6139,6146,6160,6164,6242,6259,6271,6350,6449,6697,6778-6781,6903,7013-7023,7027,7063,7067,7229,7233,7356,7365,7446-7449,7563,7599,7712-7713,7726,7787,7792,7866,7878,7917,7955,8054,8101,8202,8401,8508-8509,8567,8670,8712,8743-8745,8949,9070,9152,9160,9187-9196,9320,9400,9412,9416-9419,9433,9679,9846,9878,9890,9909,10072,10169,10183,10284,10405,10575,10635,10639-10642
packages/admin/src/locales/fa/messages.po
  s_669e4e36f3cd5c::t_43564df735397d 91,209,298,303,308,329-330,547-558,655,673,710,822,836,840,911,1063,1148-1162,1164-1165,1193-1196,1274,1379,1401,1440,1444,1639-1640,1790,2000,2016,2079,2084,2171,2183,2195,2199,2440,2575,2647,2751,2757,2797,2844,2881,2885,2929,2991,3164,3285,3335,3378,3382,3386,3439-3442,3590,3636,3644,3656,3691,3740,3836,3840-3843,3863,3868,3876,3938,3946,3976,4065-4066,4108,4177-4181,4193-4194,4202-4205,4227,4231,4244,4265-4267,4286,4317,4321,4325,4371,4416,4453,4548,4552,4578,4703,4810-4813,5222,5368,5372,5509-5510,5539,5555-5556,6035,6086,6120,6141,6148,6162,6166,6244,6261,6273,6352,6451,6699,6780-6783,6905,7015-7025,7029,7065,7069,7231,7235,7358,7367,7448-7451,7565,7601,7714-7715,7728,7789,7794,7868,7880,7919,7957,8056,8103,8204,8403,8510-8511,8569,8672,8714,8745-8747,8951,9072,9154,9162,9189-9198,9322,9402,9414,9418-9421,9435,9681,9848,9880,9892,9911,10074,10171,10185,10286,10407,10577,10637,10641-10644
packages/admin/src/locales/fr/messages.po
  s_669e4e36f3cd5c::t_e2db81ee2e9932 89,207,296,301,306,327-328,545-556,653,671,708,820,834,838,909,1061,1146-1160,1162-1163,1191-1194,1272,1377,1399,1438,1442,1637-1638,1788,1998,2014,2077,2082,2169,2181,2193,2197,2438,2573,2645,2749,2755,2795,2842,2879,2883,2927,2989,3162,3283,3333,3376,3380,3384,3437-3440,3591,3637,3645,3657,3692,3741,3837,3841-3844,3864,3869,3877,3939,3947,3977,4066-4067,4109,4178-4182,4194-4195,4203-4206,4228,4232,4245,4266-4268,4287,4318,4322,4326,4372,4417,4454,4549,4553,4579,4704,4811-4814,5223,5369,5373,5510-5511,5540,5556-5557,6036,6087,6121,6142,6149,6163,6167,6245,6262,6274,6353,6452,6700,6781-6784,6909,7019-7030,7033,7069,7073,7235,7239,7362,7371,7452-7455,7569,7605,7718-7719,7732,7793,7798,7872,7884,7923,7961,8060,8107,8208,8407,8514-8515,8573,8676,8718,8749-8751,8955,9076,9158,9166,9193-9202,9326,9406,9418,9422-9425,9439,9685,9852,9884,9896,9915,10078,10175,10189,10290,10411,10581,10641,10645-10648
packages/admin/src/locales/hi/messages.po
  s_669e4e36f3cd5c::t_5d2155df5a42f5 89,207,296,301,306,327-328,545-556,653,671,708,820,834,838,909,1061,1146-1160,1162-1163,1191-1194,1272,1377,1399,1438,1442,1637-1638,1788,1998,2014,2077,2082,2169,2181,2193,2197,2438,2573,2645,2749,2755,2795,2842,2879,2883,2927,2989,3162,3283,3333,3376,3380,3384,3437-3440,3591,3637,3645,3657,3692,3741,3837,3841-3844,3864,3869,3877,3939,3947,3977,4066-4067,4109,4178-4182,4194-4195,4203-4206,4228,4232,4245,4266-4268,4287,4318,4322,4326,4372,4417,4454,4549,4553,4579,4704,4811-4814,5223,5369,5373,5510-5511,5540,5556-5557,6036,6087,6121,6142,6149,6163,6167,6245,6262,6274,6353,6452,6700,6781-6784,6909,7019-7030,7033,7069,7073,7235,7239,7362,7371,7452-7455,7569,7605,7718-7719,7732,7793,7798,7872,7884,7923,7961,8060,8107,8208,8407,8514-8515,8573,8676,8718,8749-8751,8955,9076,9158,9166,9193-9202,9326,9406,9418,9422-9425,9439,9685,9852,9884,9896,9915,10078,10175,10189,10290,10411,10581,10641,10645-10648
packages/admin/src/locales/hu/messages.po
  s_669e4e36f3cd5c::t_8595c7316f580c 89,207,296,301,306,327-328,545-556,653,671,708,820,834,838,909,1061,1146-1160,1162-1163,1191-1194,1272,1377,1399,1438,1442,1637-1638,1788,1998,2014,2077,2082,2169,2181,2193,2197,2438,2573,2645,2749,2755,2795,2842,2879,2883,2927,2989,3162,3283,3333,3376,3380,3384,3437-3440,3591,3637,3645,3657,3692,3741,3837,3841-3844,3864,3869,3877,3939,3947,3977,4066-4067,4109,4178-4182,4194-4195,4203-4206,4228,4232,4245,4266-4268,4287,4318,4322,4326,4372,4417,4454,4549,4553,4579,4704,4811-4814,5223,5369,5373,5510-5511,5540,5556-5557,6036,6087,6121,6142,6149,6163,6167,6245,6262,6274,6353,6452,6700,6781-6784,6909,7019-7030,7033,7069,7073,7235,7239,7362,7371,7452-7455,7569,7605,7718-7719,7732,7793,7798,7872,7884,7923,7961,8060,8107,8208,8407,8514-8515,8573,8676,8718,8749-8751,8955,9076,9158,9166,9193-9202,9326,9406,9418,9422-9425,9439,9685,9852,9884,9896,9915,10078,10175,10189,10290,10411,10581,10641,10645-10648
packages/admin/src/locales/id/messages.po
  s_669e4e36f3cd5c::t_5f7b5ca922c4d9 89,207,296,301,306,327-328,545-556,653,671,708,820,834,838,909,1061,1146-1160,1162-1163,1191-1194,1272,1377,1399,1438,1442,1637-1638,1788,1998,2014,2077,2082,2169,2181,2193,2197,2438,2573,2645,2749,2755,2795,2842,2879,2883,2927,2989,3162,3283,3333,3376,3380,3384,3437-3440,3591,3637,3645,3657,3692,3741,3837,3841-3844,3864,3869,3877,3939,3947,3977,4066-4067,4109,4178-4182,4194-4195,4203-4206,4228,4232,4245,4266-4268,4287,4318,4322,4326,4372,4417,4454,4549,4553,4579,4704,4811-4814,5223,5369,5373,5510-5511,5540,5556-5557,6036,6087,6121,6142,6149,6163,6167,6245,6262,6274,6353,6452,6700,6781-6784,6909,7019-7030,7033,7069,7073,7235,7239,7362,7371,7452-7455,7569,7605,7718-7719,7732,7793,7798,7872,7884,7923,7961,8060,8107,8208,8407,8514-8515,8573,8676,8718,8749-8751,8955,9076,9158,9166,9193-9202,9326,9406,9418,9422-9425,9439,9685,9852,9884,9896,9915,10078,10175,10189,10290,10411,10581,10641,10645-10648
packages/admin/src/locales/ja/messages.po
  s_669e4e36f3cd5c::t_92397af7a5df0a 89,207,296,301,306,327-328,545-556,653,671,708,820,834,838,909,1061,1146-1160,1162-1163,1191-1194,1272,1377,1399,1438,1442,1637-1638,1788,1998,2014,2077,2082,2169,2181,2193,2197,2438,2573,2645,2749,2755,2795,2842,2879,2883,2927,2989,3162,3283,3333,3376,3380,3384,3437-3440,3591,3637,3645,3657,3692,3741,3837,3841-3844,3864,3869,3877,3939,3947,3977,4066-4067,4109,4178-4182,4194-4195,4203-4206,4228,4232,4245,4266-4268,4287,4318,4322,4326,4372,4417,4454,4549,4553,4579,4704,4811-4814,5223,5369,5373,5510-5511,5540,5556-5557,6036,6087,6121,6142,6149,6163,6167,6245,6262,6274,6353,6452,6700,6781-6784,6909,7019-7030,7033,7069,7073,7235,7239,7362,7371,7452-7455,7569,7605,7718-7719,7732,7793,7798,7872,7884,7923,7961,8060,8107,8208,8407,8514-8515,8573,8676,8718,8749-8751,8955,9076,9158,9166,9193-9202,9326,9406,9418,9422-9425,9439,9685,9852,9884,9896,9915,10078,10175,10189,10290,10411,10581,10641,10645-10648
packages/admin/src/locales/ko/messages.po
  s_669e4e36f3cd5c::t_f413a238a724d5 89,207,296,301,306,327-328,545-556,653,671,708,820,834,838,909,1061,1146-1160,1162-1163,1191-1194,1272,1377,1399,1438,1442,1637-1638,1788,1998,2014,2077,2082,2169,2181,2193,2197,2438,2573,2645,2749,2755,2795,2842,2879,2883,2927,2989,3162,3283,3333,3376,3380,3384,3437-3440,3588,3634,3642,3654,3689,3738,3834,3838-3841,3861,3866,3874,3936,3944,3974,4063-4064,4106,4175-4179,4191-4192,4200-4203,4225,4229,4242,4263-4265,4284,4315,4319,4323,4369,4414,4451,4546,4550,4576,4701,4808-4811,5220,5366,5370,5507-5508,5537,5553-5554,6033,6084,6118,6139,6146,6160,6164,6242,6259,6271,6350,6449,6697,6778-6781,6903,7013-7023,7027,7063,7067,7229,7233,7356,7365,7446-7449,7563,7599,7712-7713,7726,7787,7792,7866,7878,7917,7955,8054,8101,8202,8401,8508-8509,8567,8670,8712,8743-8745,8949,9070,9152,9160,9187-9196,9320,9400,9412,9416-9419,9433,9679,9846,9878,9890,9909,10072,10169,10183,10284,10405,10575,10635,10639-10642
packages/admin/src/locales/nb/messages.po
  s_669e4e36f3cd5c::t_8927cc8b8d7cf7 89,207,296,301,306,327-328,545-556,653,671,708,820,834,838,909,1061,1146-1160,1162-1163,1191-1194,1272,1377,1399,1438,1442,1637-1638,1788,1998,2014,2077,2082,2169,2181,2193,2197,2438,2573,2645,2749,2755,2795,2842,2879,2883,2927,2989,3162,3283,3333,3376,3380,3384,3437-3440,3591,3637,3645,3657,3692,3741,3837,3841-3844,3864,3869,3877,3939,3947,3977,4066-4067,4109,4178-4182,4194-4195,4203-4206,4228,4232,4245,4266-4268,4287,4318,4322,4326,4372,4417,4454,4549,4553,4579,4704,4811-4814,5223,5369,5373,5510-5511,5540,5556-5557,6036,6087,6121,6142,6149,6163,6167,6245,6262,6274,6353,6452,6700,6781-6784,6909,7019-7030,7033,7069,7073,7235,7239,7362,7371,7452-7455,7569,7605,7718-7719,7732,7793,7798,7872,7884,7923,7961,8060,8107,8208,8407,8514-8515,8573,8676,8718,8749-8751,8955,9076,9158,9166,9193-9202,9326,9406,9418,9422-9425,9439,9685,9852,9884,9896,9915,10078,10175,10189,10290,10411,10581,10641,10645-10648
packages/admin/src/locales/nl/messages.po
  s_669e4e36f3cd5c::t_44fbad3ae2078e 89,207,296,301,306,327-328,545-556,653,671,708,820,834,838,909,1061,1146-1160,1162-1163,1191-1194,1272,1377,1399,1438,1442,1637-1638,1788,1998,2014,2077,2082,2169,2181,2193,2197,2438,2573,2645,2749,2755,2795,2842,2879,2883,2927,2989,3162,3283,3333,3376,3380,3384,3437-3440,3591,3637,3645,3657,3692,3741,3837,3841-3844,3864,3869,3877,3939,3947,3977,4066-4067,4109,4178-4182,4194-4195,4203-4206,4228,4232,4245,4266-4268,4287,4318,4322,4326,4372,4417,4454,4549,4553,4579,4704,4811-4814,5223,5369,5373,5510-5511,5540,5556-5557,6036,6087,6121,6142,6149,6163,6167,6245,6262,6274,6353,6452,6700,6781-6784,6909,7019-7030,7033,7069,7073,7235,7239,7362,7371,7452-7455,7569,7605,7718-7719,7732,7793,7798,7872,7884,7923,7961,8060,8107,8208,8407,8514-8515,8573,8676,8718,8749-8751,8955,9076,9158,9166,9193-9202,9326,9406,9418,9422-9425,9439,9685,9852,9884,9896,9915,10078,10175,10189,10290,10411,10581,10641,10645-10648
packages/admin/src/locales/pl/messages.po
  s_669e4e36f3cd5c::t_c9336f88014a86 89,207,296,301,306,327-328,545-556,653,671,708,820,834,838,909,1061,1146-1160,1162-1163,1191-1194,1272,1377,1399,1438,1442,1637-1638,1788,1998,2014,2077,2082,2169,2181,2193,2197,2438,2573,2645,2749,2755,2795,2842,2879,2883,2927,2989,3162,3283,3333,3376,3380,3384,3437-3440,3588,3634,3642,3654,3689,3738,3834,3838-3841,3861,3866,3874,3936,3944,3974,4063-4064,4106,4175-4179,4191-4192,4200-4203,4225,4229,4242,4263-4265,4284,4315,4319,4323,4369,4414,4451,4546,4550,4576,4701,4808-4811,5220,5366,5370,5507-5508,5537,5553-5554,6033,6084,6118,6139,6146,6160,6164,6242,6259,6271,6350,6449,6697,6778-6781,6903,7013-7023,7027,7063,7067,7229,7233,7356,7365,7446-7449,7563,7599,7712-7713,7726,7787,7792,7866,7878,7917,7955,8054,8101,8202,8401,8508-8509,8567,8670,8712,8743-8745,8949,9070,9152,9160,9187-9196,9320,9400,9412,9416-9419,9433,9679,9846,9878,9890,9909,10072,10169,10183,10284,10405,10575,10635,10639-10642
packages/admin/src/locales/pseudo/messages.po
  s_669e4e36f3cd5c::t_768ec352952b54 89,207,296,301,306,327-328,545-556,653,671,708,820,834,838,909,1061,1146-1160,1162-1163,1191-1194,1272,1377,1399,1438,1442,1637-1638,1788,1998,2014,2077,2082,2169,2181,2193,2197,2438,2573,2645,2749,2755,2795,2842,2879,2883,2927,2989,3162,3283,3333,3376,3380,3384,3437-3440,3588,3634,3642,3654,3689,3738,3834,3838-3841,3861,3866,3874,3936,3944,3974,4063-4064,4106,4175-4179,4191-4192,4200-4203,4225,4229,4242,4263-4265,4284,4315,4319,4323,4369,4414,4451,4546,4550,4576,4701,4808-4811,5220,5366,5370,5507-5508,5537,5553-5554,6033,6084,6118,6139,6146,6160,6164,6242,6259,6271,6350,6449,6697,6778-6781,6903,7013-7023,7027,7063,7067,7229,7233,7356,7365,7446-7449,7563,7599,7712-7713,7726,7787,7792,7866,7878,7917,7955,8054,8101,8202,8401,8508-8509,8567,8670,8712,8743-8745,8949,9070,9152,9160,9187-9196,9320,9400,9412,9416-9419,9433,9679,9846,9878,9890,9909,10072,10169,10183,10284,10405,10575,10635,10639-10642
packages/admin/src/locales/pt-BR/messages.po
  s_669e4e36f3cd5c::t_be1b23266a42b5 18,22,35,40,45,50,54,62,76,86,89,91,111,116,123,133,148,184,189,194,199,204,207,209,214,219,226,232,237,242,247,257,272,296,298,301,303,306,308,323,327-328,330,335,340,356,364,369,374,390,396,400,414,419,423,443,447,451,465,469,473,477,481,485,489,493,501,505,517,521,525,545-556,571,575,583,615,631,635,653,655,659,663,669,671,673,681,685,689,701,706,708,710,715,723,735,748,770,782,790,794,798,813,820,832,834,836,838,840,848,852,856,864,872,881,887,903,907,909,911,923,940,958,966,971,975,979,983,987,992,1001,1006,1018,1026,1050,1054,1061,1063,1071,1083,1091,1101,1146-1160,1162-1163,1173,1177,1189-1192,1197,1208,1217,1222,1227,1254,1259,1264,1272,1274,1286,1290,1298,1304,1318,1347,1359,1367,1377,1379,1387,1392,1397,1399,1401,1405,1410,1418,1423,1438,1442,1444,1456,1466,1484,1488,1493,1497,1502,1506,1510,1518,1527,1531,1536,1550,1558,1567,1571,1585,1590,1594,1606,1610,1614,1637-1638,1676,1681,1685,1717,1721,1735,1739,1753,1761,1769,1773,1778,1782,1786,1788,1790,1806,1825,1838,1842,1846,1851,1855,1864,1868,1872,1880,1884,1896,1901,1905,1911,1916,1920,1924,1996,1998,2000,2004,2008,2014,2016,2032,2045,2061,2077,2082,2084,2088,2096,2121,2143,2169,2171,2181,2183,2187,2193,2195,2197,2199,2217,2243,2261,2276,2280,2303,2311,2315,2323,2327,2331,2339,2343,2347,2351,2355,2359,2363,2367,2372,2392,2396,2401,2406,2423,2431,2438,2440,2444,2448,2516,2524,2541,2545,2549,2565,2573,2575,2579,2591,2604,2610,2614,2618,2623,2627,2639,2645,2647,2659,2663,2676,2702,2710,2718,2731,2735,2743,2749,2751,2755,2779,2795,2797,2807,2816,2820,2824,2828,2840,2842,2844,2849,2855,2859,2864,2868,2879,2883,2902,2910,2914,2924,2927,2944,2953,2957,2961,2969,2974,2978,2989,3012,3017,3041,3053,3057,3065,3069,3085,3089,3093,3102,3110,3119,3123,3127,3135,3148,3156,3162,3172,3178,3211,3215,3219,3223,3228,3232,3246,3250,3263,3267,3275,3279,3283,3286,3291,3295,3299,3303,3315,3323,3331,3333,3339,3343,3376,3378,3380,3382,3384,3395,3399,3403,3415,3421,3426,3431,3435-3438,3452,3469,3474,3487-3489,3493,3497,3557,3561,3569,3577,3581,3585,3591,3593,3601,3605,3613,3617,3626,3630,3637,3639,3645,3655,3657,3672,3676,3692,3698,3702,3710,3714,3718,3722,3727,3731,3735,3741,3747,3789,3793,3797,3801,3805,3810,3814,3818,3822,3826,3834,3837,3839,3841-3844,3846,3850,3854,3858,3862,3864,3866,3869,3871,3875,3877,3880,3884,3888,3892,3896,3900,3904,3908,3912,3916,3920,3924,3929,3933,3937,3939,3941,3945,3947,3949,3954,3958,3962,3966,3970,3974,3977,3979,3983,3987,3991,3995,3999,4003,4007,4011,4015,4019,4024,4028,4032,4036,4041,4045,4049,4053,4057,4061,4066-4067,4069,4081,4085,4089,4093,4098,4103,4107,4109,4111,4120,4125,4134,4142,4146,4151,4155,4172,4176-4179,4182,4184,4188,4192,4194-4195,4197,4201-4204,4218,4226,4228,4230,4232,4235,4239,4243,4245,4247,4251,4256,4260,4264,4266-4268,4270,4274,4278,4287,4289,4298,4307,4311,4316,4318,4320,4322,4324,4326,4328,4333,4337,4341,4349,4354,4358,4362,4366,4370,4372,4374,4378,4382,4386,4390,4394,4398,4402,4415,4417,4428,4432,4448,4452,4454,4456,4487,4491,4495,4507,4511,4515,4520,4526,4530,4534,4539,4543,4547,4549,4553,4555,4560,4564,4568,4572,4577,4579,4581,4585,4589,4593,4597,4602,4609,4613,4617,4625,4629,4633,4638,4642,4646,4651,4664,4669,4681,4685,4701,4704,4715,4728,4732,4736,4760,4766,4772,4777,4786,4790,4811-4814,4831,4835,4845,4849,4854,4862,4866,4870,4903,4908,4918,4922,4928,4952,5024,5033,5038,5046,5050,5059,5071,5075,5080,5084,5088,5092,5097,5117,5125,5129,5134,5138,5142,5146,5150,5155,5163,5188,5192,5221,5223,5225,5233,5237,5250,5254,5258,5267,5289,5299,5303,5307,5311,5320,5325,5329,5333,5337,5341,5345,5355,5369,5371,5373,5375,5379,5403,5408,5430,5442,5467,5484,5488,5508,5510-5511,5538,5540,5542,5546,5556-5557,5559,5567,5573,5577,5581,5585,5597,5625,5629,5662,5666,5672,5679,5684,5693,5710,5727,5732,5736,5741,5746,5760,5764,5768,5785,5789,5802,5807,5811,5819,5842,5846,5860,5881,5892,5900,5905,5909,5913,5917,5921,5925,5944,5993,6014,6030,6034,6036,6038,6050,6054,6059,6063,6067,6071,6075,6080,6085,6087,6094,6099,6104,6109,6114,6119,6121,6131,6135,6139,6142,6149,6161,6163,6165,6167,6169,6174,6180,6185,6238,6245,6247,6251,6260,6262,6264,6268,6274,6281,6285,6289,6298,6322,6326,6353,6361,6401,6405,6409,6413,6417,6422,6438,6452,6454,6486,6490,6498,6502,6506,6520,6524,6528,6533,6546,6568,6572,6592,6596,6604,6608,6626,6665,6669,6673,6677,6681,6689,6698,6700,6703,6712,6726,6730,6755,6763,6770,6781-6784,6787,6809-6811,6816,6832,6845,6853,6875,6879,6894,6909,6911,6916,6921,6944,6991,7000,7008,7019-7029,7033,7035,7039,7043,7059,7063,7067,7069,7073,7083,7087,7091,7096,7100,7120,7124,7128,7132,7144,7149,7153,7157,7161,7169,7173,7177,7185,7190,7196,7204,7212,7225,7233,7235,7237,7239,7246,7254,7271,7309,7313,7317,7321,7325,7336,7348,7352,7356,7362,7371,7373,7381,7385,7389,7393,7397,7401,7405,7410,7420,7436,7441,7446,7450-7453,7468,7476,7481,7508,7516,7520,7524,7528,7545,7553,7557,7561,7565,7569,7599,7603,7605,7607,7611,7615,7627,7638,7642,7653,7665,7678,7701,7708,7718-7719,7730,7732,7735,7739,7743,7750,7755,7760,7764,7769,7775,7791,7793,7795,7798,7830,7834,7842,7846,7850,7854,7858,7862,7866,7870,7872,7874,7878,7884,7923,7933,7938,7942,7947,7951,7955,7961,7963,7967,7975,7979,7983,8004,8028,8038,8053,8058,8060,8062,8069,8073,8077,8101,8105,8107,8109,8114,8126,8134,8138,8152,8171,8175,8180,8194,8198,8203,8208,8214,8220,8224,8228,8282,8304,8308,8314,8318,8322,8348,8352,8366,8375,8388,8396,8400,8407,8415,8486,8503,8514-8515,8522,8526,8530,8534,8538,8546,8559,8563,8567,8573,8576,8580,8594,8602,8620,8625,8629,8676,8704,8708,8712,8716,8718,8720,8724,8728,8742,8749-8751,8762,8766,8775,8779,8787,8791,8800,8804,8808,8812,8816,8828,8832,8840,8844,8849,8853,8860,8864,8868,8873,8899,8930,8938,8955,8973,8981,8985,9008,9054,9058,9062,9066,9070,9076,9080,9098,9102,9106,9110,9115,9123,9136,9140,9144,9148,9158,9160,9166,9168,9172,9176,9193-9202,9210,9219,9227,9231,9247,9259,9279,9291,9303,9326,9328,9336,9344,9348,9352,9356,9398,9404,9406,9408,9412,9416,9418,9420-9423,9428,9437,9439,9446,9450,9454,9458,9478,9483,9492,9496,9500,9508,9516,9520,9525,9537,9541,9545,9583,9620,9638,9642,9650,9654,9659,9670,9675,9680,9685,9687,9720,9738,9746,9755,9759,9773,9777,9781,9785,9789,9809,9813,9828,9832,9852,9882,9884,9886,9894,9896,9898,9903,9908,9915,9917,9922,9926,9943,9963,9975,9988,10005,10015,10019,10029,10037,10046,10078,10080,10084,10097,10101,10105,10109,10113,10117,10121,10125,10129,10141,10149,10153,10157,10161,10165,10169,10175,10187,10189,10191,10226,10244,10248,10268,10274,10290,10296,10304,10308,10316,10321,10325,10329,10333,10355,10363,10367,10371,10385,10411,10413,10441,10445,10449,10453,10457,10461,10465,10469,10473,10477,10482,10486,10490,10494,10498,10502,10506,10523,10547,10555,10559,10567,10571,10575,10579,10581,10590,10606,10623,10627,10635,10639,10641,10643-10646,10652,10656,10661,10673,10681,10747,10765,10773,10790
packages/admin/src/locales/sr-Latn/messages.po
  s_669e4e36f3cd5c::t_55f230d1ce826c 89,207,296,301,306,327-328,545-556,653,671,708,820,834,838,909,1061,1146-1160,1162-1163,1191-1194,1272,1377,1399,1438,1442,1637-1638,1788,1998,2014,2077,2082,2169,2181,2193,2197,2438,2573,2645,2749,2755,2795,2842,2879,2883,2927,2989,3162,3283,3333,3376,3380,3384,3437-3440,3591,3637,3645,3657,3692,3741,3837,3841-3844,3864,3869,3877,3939,3947,3977,4066-4067,4109,4178-4182,4194-4195,4203-4206,4228,4232,4245,4266-4268,4287,4318,4322,4326,4372,4417,4454,4549,4553,4579,4704,4811-4814,5223,5369,5373,5510-5511,5540,5556-5557,6036,6087,6121,6142,6149,6163,6167,6245,6262,6274,6353,6452,6700,6781-6784,6909,7019-7030,7033,7069,7073,7235,7239,7362,7371,7452-7455,7569,7605,7718-7719,7732,7793,7798,7872,7884,7923,7961,8060,8107,8208,8407,8514-8515,8573,8676,8718,8749-8751,8955,9076,9158,9166,9193-9202,9326,9406,9418,9422-9425,9439,9685,9852,9884,9896,9915,10078,10175,10189,10290,10411,10581,10641,10645-10648
packages/admin/src/locales/sv/messages.po
  s_669e4e36f3cd5c::t_d2787b77e9746e 89,207,296,301,306,327-328,545-556,653,671,708,820,834,838,909,1061,1146-1160,1162-1163,1191-1194,1272,1377,1399,1438,1442,1637-1638,1788,1998,2014,2077,2082,2169,2181,2193,2197,2438,2573,2645,2749,2755,2795,2842,2879,2883,2927,2989,3162,3283,3333,3376,3380,3384,3437-3440,3591,3637,3645,3657,3692,3741,3837,3841-3844,3864,3869,3877,3939,3947,3977,4066-4067,4109,4178-4182,4194-4195,4203-4206,4228,4232,4245,4266-4268,4287,4318,4322,4326,4372,4417,4454,4549,4553,4579,4704,4811-4814,5223,5369,5373,5510-5511,5540,5556-5557,6036,6087,6121,6142,6149,6163,6167,6245,6262,6274,6353,6452,6700,6781-6784,6909,7019-7030,7033,7069,7073,7235,7239,7362,7371,7452-7455,7569,7605,7718-7719,7732,7793,7798,7872,7884,7923,7961,8060,8107,8208,8407,8514-8515,8573,8676,8718,8749-8751,8955,9076,9158,9166,9193-9202,9326,9406,9418,9422-9425,9439,9685,9852,9884,9896,9915,10078,10175,10189,10290,10411,10581,10641,10645-10648
packages/admin/src/locales/th/messages.po
  s_669e4e36f3cd5c::t_ed0eddeabe0dd6 89,207,296,301,306,327-328,545-556,653,671,708,820,834,838,909,1061,1146-1160,1162-1163,1191-1194,1272,1377,1399,1438,1442,1637-1638,1788,1998,2014,2077,2082,2169,2181,2193,2197,2438,2573,2645,2749,2755,2795,2842,2879,2883,2927,2989,3162,3283,3333,3376,3380,3384,3437-3440,3588,3634,3642,3654,3689,3738,3834,3838-3841,3861,3866,3874,3936,3944,3974,4063-4064,4106,4175-4179,4191-4192,4200-4203,4225,4229,4242,4263-4265,4284,4315,4319,4323,4369,4414,4451,4546,4550,4576,4701,4808-4811,5220,5366,5370,5507-5508,5537,5553-5554,6033,6084,6118,6139,6146,6160,6164,6242,6259,6271,6350,6449,6697,6778-6781,6906,7016-7027,7030,7066,7070,7232,7236,7359,7368,7449-7452,7566,7602,7715-7716,7729,7790,7795,7869,7881,7920,7958,8057,8104,8205,8404,8511-8512,8570,8673,8715,8746-8748,8952,9073,9155,9163,9190-9199,9323,9403,9415,9419-9422,9436,9682,9849,9881,9893,9912,10075,10172,10186,10287,10408,10578,10638,10642-10645
packages/admin/src/locales/tr/messages.po
  s_669e4e36f3cd5c::t_dcbef96f9cba48 89,207,296,301,306,327-328,545-556,653,671,708,820,834,838,909,1061,1146-1160,1162-1163,1191-1194,1272,1377,1399,1438,1442,1637-1638,1788,1998,2014,2077,2082,2169,2181,2193,2197,2438,2573,2645,2749,2755,2795,2842,2879,2883,2927,2989,3162,3283,3333,3376,3380,3384,3437-3440,3591,3637,3645,3657,3692,3741,3837,3841-3844,3864,3869,3877,3939,3947,3977,4066-4067,4109,4178-4182,4194-4195,4203-4206,4228,4232,4245,4266-4268,4287,4318,4322,4326,4372,4417,4454,4549,4553,4579,4704,4811-4814,5223,5369,5373,5510-5511,5540,5556-5557,6036,6087,6121,6142,6149,6163,6167,6245,6262,6274,6353,6452,6700,6781-6784,6909,7019-7030,7033,7069,7073,7235,7239,7362,7371,7452-7455,7569,7605,7718-7719,7732,7793,7798,7872,7884,7923,7961,8060,8107,8208,8407,8514-8515,8573,8676,8718,8749-8751,8955,9076,9158,9166,9193-9202,9326,9406,9418,9422-9425,9439,9685,9852,9884,9896,9915,10078,10175,10189,10290,10411,10581,10641,10645-10648
packages/admin/src/locales/uk/messages.po
  s_669e4e36f3cd5c::t_1749f5208ab4ec 89,207,296,301,306,327-328,545-556,653,671,708,820,834,838,909,1061,1146-1160,1162-1163,1191-1194,1272,1377,1399,1438,1442,1637-1638,1788,1998,2014,2077,2082,2169,2181,2193,2197,2438,2573,2645,2749,2755,2795,2842,2879,2883,2927,2989,3162,3283,3333,3376,3380,3384,3437-3440,3591,3637,3645,3657,3692,3741,3837,3841-3844,3864,3869,3877,3939,3947,3977,4066-4067,4109,4178-4182,4194-4195,4203-4206,4228,4232,4245,4266-4268,4287,4318,4322,4326,4372,4417,4454,4549,4553,4579,4704,4811-4814,5223,5369,5373,5510-5511,5540,5556-5557,6036,6087,6121,6142,6149,6163,6167,6245,6262,6274,6353,6452,6700,6781-6784,6909,7019-7030,7033,7069,7073,7235,7239,7362,7371,7452-7455,7569,7605,7718-7719,7732,7793,7798,7872,7884,7923,7961,8060,8107,8208,8407,8514-8515,8573,8676,8718,8749-8751,8955,9076,9158,9166,9193-9202,9326,9406,9418,9422-9425,9439,9685,9852,9884,9896,9915,10078,10175,10189,10290,10411,10581,10641,10645-10648
packages/admin/src/locales/zh-CN/messages.po
  s_669e4e36f3cd5c::t_b59cec4ee5008b 89,207,296,301,306,327-328,545-556,653,671,708,820,834,838,909,1061,1146-1160,1162-1163,1191-1194,1272,1377,1399,1438,1442,1637-1638,1788,1998,2014,2077,2082,2169,2181,2193,2197,2438,2573,2645,2749,2755,2795,2842,2879,2883,2927,2989,3162,3283,3333,3376,3380,3384,3437-3440,3591,3637,3645,3657,3692,3741,3837,3841-3844,3864,3869,3877,3939,3947,3977,4066-4067,4109,4178-4182,4194-4195,4203-4206,4228,4232,4245,4266-4268,4287,4318,4322,4326,4372,4417,4454,4549,4553,4579,4704,4811-4814,5223,5369,5373,5510-5511,5540,5556-5557,6036,6087,6121,6142,6149,6163,6167,6245,6262,6274,6353,6452,6700,6781-6784,6909,7019-7030,7033,7069,7073,7235,7239,7362,7371,7452-7455,7569,7605,7718-7719,7732,7793,7798,7872,7884,7923,7961,8060,8107,8208,8407,8514-8515,8573,8676,8718,8749-8751,8955,9076,9158,9166,9193-9202,9326,9406,9418,9422-9425,9439,9685,9852,9884,9896,9915,10078,10175,10189,10290,10411,10581,10641,10645-10648
packages/admin/src/locales/zh-TW/messages.po
  s_669e4e36f3cd5c::t_ef01352e768266 89,207,296,301,306,327-328,545-556,653,671,708,820,834,838,909,1061,1146-1160,1162-1163,1191-1194,1272,1377,1399,1438,1442,1637-1638,1788,1998,2014,2077,2082,2169,2181,2193,2197,2438,2573,2645,2749,2755,2795,2842,2879,2883,2927,2989,3162,3283,3333,3376,3380,3384,3437-3440,3591,3637,3645,3657,3692,3741,3837,3841-3844,3864,3869,3877,3939,3947,3977,4066-4067,4109,4178-4182,4194-4195,4203-4206,4228,4232,4245,4266-4268,4287,4318,4322,4326,4372,4417,4454,4549,4553,4579,4704,4811-4814,5223,5369,5373,5510-5511,5540,5556-5557,6036,6087,6121,6142,6149,6163,6167,6245,6262,6274,6353,6452,6700,6781-6784,6909,7019-7030,7033,7069,7073,7235,7239,7362,7371,7452-7455,7569,7605,7718-7719,7732,7793,7798,7872,7884,7923,7961,8060,8107,8208,8407,8514-8515,8573,8676,8718,8749-8751,8955,9076,9158,9166,9193-9202,9326,9406,9418,9422-9425,9439,9685,9852,9884,9896,9915,10078,10175,10189,10290,10411,10581,10641,10645-10648
packages/admin/src/router.tsx
  s_669e4e36f3cd5c::t_c3355d93b99a10 44,148,870-875,1069-1070,1077,1102,1124,1157,1182,1201,1224,1270,1289,1341,1610-1618
packages/admin/tests/components/ContentEditor.test.tsx
  s_669e4e36f3cd5c::t_d32983639d374a 2364-2509
packages/admin/tests/components/ContentTypeEditor.test.tsx
  s_669e4e36f3cd5c::t_b1a060b6002f8a 65,201,225,531-543
packages/admin/tests/components/EntryLockNotice.test.tsx
  s_669e4e36f3cd5c::t_635d257d1689d1 1-102
packages/admin/tests/lib/url.test.ts
  s_669e4e36f3cd5c::t_4ef61f601d8b91 32-49
packages/admin/tests/lib/useEntryLock.test.tsx
  s_669e4e36f3cd5c::t_efe78c448b0369 1-349
packages/admin/tests/publish-autosave-race.test.tsx
  s_669e4e36f3cd5c::t_19a164d6503445 750-754,766-768
packages/admin/tests/router.test.tsx
  s_669e4e36f3cd5c::t_496d79513b152d 1159-1162
packages/cloudflare/tests/missing-bindings.test.ts
  s_669e4e36f3cd5c::t_72cf42b657a950 1-86
packages/core/src/api/errors.ts
  s_669e4e36f3cd5c::t_2331f8b89cf463 114-115,483
packages/core/src/api/handlers/content.ts
  s_669e4e36f3cd5c::t_c5ed838ac4fbec 18,429-430,454-455,1103-1106,1108-1116,1302-1306,1404,1661-1669
packages/core/src/api/handlers/entry-lock.ts
  s_669e4e36f3cd5c::t_b17fb8d7d60023 1-206
packages/core/src/api/handlers/seo.ts
  s_669e4e36f3cd5c::t_a19b63d5046ba2 21-27,149,154,176
packages/core/src/api/handlers/snapshot.ts
  s_669e4e36f3cd5c::t_51d480e0ad4144 15,215-252,285,296-297,300-301,303-307,309,311,313-317,319-320,323-326,330-333,336-351,353-354
packages/core/src/api/openapi/document.ts
  s_669e4e36f3cd5c::t_0b5c30a94dff27 41-46,219-231,352-357,371,398,426,456,465-470,484,617-691
packages/core/src/api/schemas/content.ts
  s_669e4e36f3cd5c::t_50a733a8942b3d 179-183,214,233,242
packages/core/src/api/schemas/entry-lock.ts
  s_669e4e36f3cd5c::t_567a09cf2b89a2 1-48
packages/core/src/api/schemas/index.ts
  s_669e4e36f3cd5c::t_69b5a30ae318ac 21
packages/core/src/api/schemas/schema.ts
  s_669e4e36f3cd5c::t_b78c9deabf5b67 159,180,273
packages/core/src/astro/integration/routes.ts
  s_669e4e36f3cd5c::t_3139325345bd6a 172-176
packages/core/src/astro/integration/runtime.ts
  s_669e4e36f3cd5c::t_56004bdd8fb8b8 262,268,279-280,282,373-374,377,393-394,401
packages/core/src/astro/routes/api/content/[collection]/[id].ts
  s_669e4e36f3cd5c::t_ba6cd7d6e10b32 14,116-124,128-130,134,187-196
packages/core/src/astro/routes/api/content/[collection]/[id]/discard-draft.ts
  s_669e4e36f3cd5c::t_5a2938fa570fc4 11,56-64
packages/core/src/astro/routes/api/content/[collection]/[id]/lock.ts
  s_669e4e36f3cd5c::t_d16c0714b9cdf2 1-133
packages/core/src/astro/routes/api/content/[collection]/[id]/publish.ts
  s_669e4e36f3cd5c::t_ba065a1383b36a 6,18,80-88
packages/core/src/astro/routes/api/content/[collection]/[id]/schedule.ts
  s_669e4e36f3cd5c::t_e488bfd720e845 12,65-73,108-117
packages/core/src/astro/routes/api/content/[collection]/[id]/unpublish.ts
  s_669e4e36f3cd5c::t_c32121c75ae43f 11,56-64
packages/core/src/astro/routes/sitemap-[collection].xml.ts
  s_669e4e36f3cd5c::t_32150a7cc4fbe1 105-108
packages/core/src/cli/commands/content.ts
  s_669e4e36f3cd5c::t_2f1c4dcbb506dc 241-244,256,263-265,291-294,301,324-327,334,357-360,367,395-398,405-408
packages/core/src/cli/commands/export-seed.ts
  s_669e4e36f3cd5c::t_1d0a6b34a69bd3 321
packages/core/src/client/index.ts
  s_669e4e36f3cd5c::t_727bd094ff0609 736-737,752,770-775,778,783-787,791,796-800,804,809-813,817,846-850,854
packages/core/src/components/EmDashBodyEnd.astro
  s_669e4e36f3cd5c::t_6bd18b10e04d88 16,28-30
packages/core/src/components/EmDashBodyStart.astro
  s_669e4e36f3cd5c::t_cfb9ac700a1193 16,28-30
packages/core/src/components/EmDashHead.astro
  s_669e4e36f3cd5c::t_475a5b007c95a3 6-15,41,67-88,103,106
packages/core/src/database/dialect-helpers.ts
  s_669e4e36f3cd5c::t_6bde8012f0175a 210,218,223-259
packages/core/src/database/migrations/075_entry_edit_locks.ts
  s_669e4e36f3cd5c::t_189e56dd02d1e3 1-44
packages/core/src/database/migrations/runner.ts
  s_669e4e36f3cd5c::t_43740a21f5211f 80,156
packages/core/src/database/repositories/entry-locks.ts
  s_669e4e36f3cd5c::t_ebfffc28beb9a6 1-257
packages/core/src/database/repositories/redirect.ts
  s_669e4e36f3cd5c::t_be5b9271c5a241 4,363-364,366-379
packages/core/src/database/types.ts
  s_669e4e36f3cd5c::t_28dcebe3e74a95 442,690,865-873
packages/core/src/emdash-runtime.ts
  s_669e4e36f3cd5c::t_78eebd4551980f 87,1324-1328,1335,1343
packages/core/src/i18n/resolve.ts
  s_669e4e36f3cd5c::t_fa7ee9a4bdebe7 40-51,54-79,91-92,94,97-99
packages/core/src/loader.ts
  s_669e4e36f3cd5c::t_1da7618b61151d 23,1646-1651,1668-1675
packages/core/src/mcp/server.ts
  s_669e4e36f3cd5c::t_f74a9d72ad506c 181-183,1883-1885,1905
packages/core/src/menus/index.ts
  s_669e4e36f3cd5c::t_9a8ff073e5cd4f 17,338,346,364,376,381-382,385-387,432-438
packages/core/src/page/seo-contributions.ts
  s_669e4e36f3cd5c::t_c365a15f2a48f5 8-11,17,19-20,23,157-226
packages/core/src/page/seo-panel.ts
  s_669e4e36f3cd5c::t_26c471a0aea491 1-47
packages/core/src/plugins/context.ts
  s_669e4e36f3cd5c::t_7b2c6fe2f4bf59 12,504-506
packages/core/src/plugins/sandbox/types.ts
  s_669e4e36f3cd5c::t_00e322b2bef802 276,280
packages/core/src/query.ts
  s_669e4e36f3cd5c::t_306cbcfb4ec2c7 27,43,46,997-1005,1353-1354,1359
packages/core/src/schema/collection-slugs-cache.ts
  s_669e4e36f3cd5c::t_bef24669f39431 1-157
packages/core/src/schema/registry.ts
  s_669e4e36f3cd5c::t_80f971fabe7078 35,201,475,510,621,687-688,789,874-878,1851
packages/core/src/schema/types.ts
  s_669e4e36f3cd5c::t_5d988d1b11f0a9 228-229,279-280,304-305
packages/core/src/seed/apply.ts
  s_669e4e36f3cd5c::t_96c4e2e2b42576 203,282
packages/core/src/seed/types.ts
  s_669e4e36f3cd5c::t_2491123548d5e2 92-93
packages/core/src/seed/validate.ts
  s_669e4e36f3cd5c::t_393d9d76ae3211 110-112
packages/core/src/seo/hreflang.ts
  s_669e4e36f3cd5c::t_4e06011afa0c84 170
packages/core/src/seo/index.ts
  s_669e4e36f3cd5c::t_9df92107318ec1 33,140-142,145
packages/core/src/seo/media-url.ts
  s_669e4e36f3cd5c::t_c03cf9284e2805 23-28,39-58
packages/core/src/taxonomies/term-counts.ts
  s_669e4e36f3cd5c::t_09a3a920eeba16 22-25,107-111,132-140,163-165,167
packages/core/tests/integration/content/entry-lock.test.ts
  s_669e4e36f3cd5c::t_c0469e21863e59 1-279
packages/core/tests/integration/database/entry-locks.test.ts
  s_669e4e36f3cd5c::t_546ad00043b051 1-286
packages/core/tests/integration/database/list-tables-like.test.ts
  s_669e4e36f3cd5c::t_b7923cb0b58ab6 30
packages/core/tests/integration/database/migrations.test.ts
  s_669e4e36f3cd5c::t_0d1e79dc9e6d4c 191
packages/core/tests/integration/redirects/redirect-repository.test.ts
  s_669e4e36f3cd5c::t_17c3ad5e9068c5 389-433
packages/core/tests/integration/seo/hreflang.test.ts
  s_669e4e36f3cd5c::t_9b449ff0a8dd9e 13,86-108
packages/core/tests/integration/seo/seo.test.ts
  s_669e4e36f3cd5c::t_47f629db81cf96 670-705
packages/core/tests/integration/snapshot/snapshot-dialects.test.ts
  s_669e4e36f3cd5c::t_72fa8008115d65 1-171
packages/core/tests/unit/api/collection-admin-schema.test.ts
  s_669e4e36f3cd5c::t_70df2d1b89bd2b 70
packages/core/tests/unit/api/content-route-permissions.test.ts
  s_669e4e36f3cd5c::t_3174a0dfb5515e 2-3,7-8,26-35,198,223,254,286,316
packages/core/tests/unit/api/publish-revision-cas.test.ts
  s_669e4e36f3cd5c::t_ff405535677965 4,14,16,171-180,203,236
packages/core/tests/unit/api/schema-update-collection-display-fields.test.ts
  s_669e4e36f3cd5c::t_c0793eac63f5ad 46,71,96
packages/core/tests/unit/astro/content-route-entry-lock.test.ts
  s_669e4e36f3cd5c::t_33ef7f7ccdcf10 1-181
packages/core/tests/unit/astro/content-route-locale.test.ts
  s_669e4e36f3cd5c::t_0bcd892c8ff03c 11-12,25-26,30-39,102
packages/core/tests/unit/astro/content-routes-cache-invalidate.test.ts
  s_669e4e36f3cd5c::t_0d23f75aff72e8 8-9,12-13,16-25,60
packages/core/tests/unit/i18n/resolve.test.ts
  s_669e4e36f3cd5c::t_41d1a1ac53d1c4 86-135
packages/core/tests/unit/loader-seo.test.ts
  s_669e4e36f3cd5c::t_bd83cbc2882a30 6,140-169
packages/core/tests/unit/menus/menus.test.ts
  s_669e4e36f3cd5c::t_24290a9c92985e 476-492
packages/core/tests/unit/object-cache-content.test.ts
  s_669e4e36f3cd5c::t_977c088f537399 25,143-168
packages/core/tests/unit/page/seo-contributions.test.ts
  s_669e4e36f3cd5c::t_2d4bfb489113e8 15-24,98-324
packages/core/tests/unit/schema/seed-fingerprint.test.ts
  s_669e4e36f3cd5c::t_1b9d2861914ed5 1-23
packages/core/tests/unit/taxonomies/get-term.test.ts
  s_669e4e36f3cd5c::t_de88af296d294e 13,67-69
packages/core/tests/unit/taxonomies/term-counts.test.ts
  s_669e4e36f3cd5c::t_013215240eaca0 19-22,509-510,512-519,531-623
packages/core/tests/utils/test-db.ts
  s_669e4e36f3cd5c::t_db634c7ff42897 21,38
packages/core/tests/workerd/d1-schema.ts
  s_669e4e36f3cd5c::t_640d64b4a09bdf 98-129
packages/core/tests/workerd/migrations-d1.test.ts
  s_669e4e36f3cd5c::t_8c3dc0ad1e7336 17-23,45-49,217-263
skills/emdash-cli/EDITING-FLOW.md
  s_669e4e36f3cd5c::t_4d5bdaccd63ccb 152-167
---
{
  "schema_version": "authorship/3.0.0",
  "git_ai_version": "1.6.10",
  "base_commit_sha": "8f6bc5d1fcb5d390f903b8e52a4a3c2a8164073f",
  "prompts": {},
  "sessions": {
    "s_669e4e36f3cd5c": {
      "agent_id": {
        "tool": "codex",
        "id": "01a078a9-4726-7920-a1ad-5cd32bdfaeff",
        "model": "gpt-5.6-sol"
      },
      "human_author": "khoinguyenpham04 <137921741+khoinguyenpham04@users.noreply.github.com>"
    }
  }
}