.changeset/404-log-error-page.md
  s_97e3674bdac896::t_84cbaef98f88c9 1-5
.changeset/content-list-byline-filter.md
  s_97e3674bdac896::t_863a63692eb07f 1-6
.changeset/forms-standalone-ui.md
  s_97e3674bdac896::t_757f68c59687a9 1-5
.changeset/safe-collection-deletion.md
  s_97e3674bdac896::t_23f01c2f903384 5
.changeset/single-taxonomy-endpoints.md
  s_97e3674bdac896::t_f8442294d25fc1 1-5
demos/playground/tsconfig.json
  s_97e3674bdac896::t_ed0cd81a55f145 6
demos/playground/worker-configuration.d.ts
  s_97e3674bdac896::t_5830d0679a4474 1-14491
e2e/tests/accessibility.spec.ts
  s_97e3674bdac896::t_d6fdecd22dd2ae 66,118
infra/flue-review/worker-configuration.d.ts
  s_97e3674bdac896::t_5da66195202e33 1-14493
packages/admin/src/components/BylineFilter.tsx
  s_97e3674bdac896::t_706bef629026c6 1-181
packages/admin/src/components/ContentEditor.tsx
  s_97e3674bdac896::t_c2532baaffb8da 1331
packages/admin/src/components/ContentList.tsx
  s_97e3674bdac896::t_a810074f8eb144 36-41,145-147,212-213,423-425,746-749,753-757,767-769,793-797,803-808,850-853
packages/admin/src/components/ImageFieldRenderer.tsx
  s_97e3674bdac896::t_b3a3182b3c9ca4 11,13,32-33,54,66,79-81,100-101,114-178,192-194
packages/admin/src/lib/api/content.ts
  s_97e3674bdac896::t_ec33775693691e 160-171,190-199
packages/admin/src/locales/ar/messages.po
  s_97e3674bdac896::t_a13c1425dd57c9 85-91,103,275,280,285,356,368,410,414,418,600,630-631,748,858,862-863,867,901,940-943,996-1012,1087,1218,1384,1423-1425,1521,1523-1524,1552,1595,1599,1837,1849,1861,1865,2112,2143,2161,2240,2253,2423,2427,2460,2763,2829,2881,3054,3109,3244,3248-3251,3276,3280,3342,3350,3429-3430,3457-3458,3500,3569,3573,3581-3582,3620,3624,3628-3629,3641-3643,3662,3693,3697,3701,3751,3864,3868-3871,3888,3918,3974,4152-4153,4279-4282,4421,4679-4680,4687,4703-4704,4756-4759,4781-4785,5113,5131,5155,5163,5167-5168,5174-5175,5184,5188,5237,5317,5325,5341,5367-5374,5383,5583-5584,5648,5809,5936,5940,6148,6168,6180-6181,6184,6193,6351,6372,6385-6386,6468-6471,6542,6571,6580,6776,6778,6849,6854,6867,6877-6880,6942-6945,7061-7063,7067,7083,7105,7117,7158-7161,7251,7567,7769,7839-7840,7951-7952,7968,7976,8046,8063,8067,8225,8237,8250,8267-8270,8306,8587,8793,8821,8864
packages/admin/src/locales/ca/messages.po
  s_97e3674bdac896::t_3e98c6decca781 81-87,99,271,276,281,352,364,406,410,414,596,626-627,744,854,858-859,863,897,936-939,992-1008,1083,1214,1380,1419-1421,1517,1519-1520,1548,1591,1595,1833,1845,1857,1861,2108,2139,2157,2236,2249,2419,2423,2456,2759,2825,2877,3053,3108,3243,3247-3250,3275,3279,3341,3349,3428-3429,3456-3457,3499,3568,3572,3580-3581,3619,3623,3627-3628,3640-3642,3661,3692,3696,3700,3750,3863,3867-3870,3887,3917,3973,4151-4152,4278-4281,4420,4678-4679,4686,4702-4703,4755-4758,4780-4784,5112,5130,5154,5162,5166-5167,5173-5174,5183,5187,5236,5316,5324,5340,5366-5373,5382,5582-5583,5647,5808,5935,5939,6147,6167,6179-6180,6183,6192,6350,6371,6384-6385,6467-6470,6541,6570,6579,6775,6777,6848,6853,6866,6876-6879,6941-6944,7060-7062,7066,7082,7104,7116,7157-7160,7250,7566,7768,7838-7839,7950-7951,7967,7975,8045,8062,8066,8224,8236,8249,8266-8269,8305,8586,8792,8820,8863
packages/admin/src/locales/cs/messages.po
  s_97e3674bdac896::t_c730083c636f3a 81-87,99,271,276,281,352,364,406,410,414,596,626-627,744,854,858-859,863,897,936-939,992-1008,1083,1214,1380,1419-1421,1517,1519-1520,1548,1591,1595,1833,1845,1857,1861,2108,2139,2157,2236,2249,2419,2423,2456,2759,2825,2877,3053,3108,3243,3247-3250,3275,3279,3341,3349,3428-3429,3456-3457,3499,3568,3572,3580-3581,3619,3623,3627-3628,3640-3642,3661,3692,3696,3700,3750,3863,3867-3870,3887,3917,3973,4151-4152,4278-4281,4420,4678-4679,4686,4702-4703,4755-4758,4780-4784,5112,5130,5154,5162,5166-5167,5173-5174,5183,5187,5236,5316,5324,5340,5366-5373,5382,5582-5583,5647,5808,5935,5939,6147,6167,6179-6180,6183,6192,6350,6371,6384-6385,6467-6470,6541,6570,6579,6775,6777,6848,6853,6866,6876-6879,6941-6944,7060-7062,7066,7082,7104,7116,7157-7160,7250,7566,7768,7838-7839,7950-7951,7967,7975,8045,8062,8066,8224,8236,8249,8266-8269,8305,8586,8792,8820,8863
packages/admin/src/locales/de/messages.po
  s_97e3674bdac896::t_1cf9956c9254f3 81-87,99,271,276,281,352,364,406,410,414,596,626-627,744,854,858-859,863,897,936-939,992-1008,1083,1214,1380,1419-1421,1517,1519-1520,1548,1591,1595,1833,1845,1857,1861,2108,2139,2157,2236,2249,2419,2423,2456,2759,2825,2877,3053,3108,3243,3247-3250,3275,3279,3341,3349,3428-3429,3456-3457,3499,3568,3572,3580-3581,3619,3623,3627-3628,3640-3642,3661,3692,3696,3700,3750,3863,3867-3870,3887,3917,3973,4151-4152,4278-4281,4420,4678-4679,4686,4702-4703,4755-4758,4780-4784,5112,5130,5154,5162,5166-5167,5173-5174,5183,5187,5236,5316,5324,5340,5366-5373,5382,5582-5583,5647,5808,5935,5939,6147,6167,6179-6180,6183,6192,6350,6371,6384-6385,6467-6470,6541,6570,6579,6775,6777,6848,6853,6866,6876-6879,6941-6944,7060-7062,7066,7082,7104,7116,7157-7160,7250,7566,7768,7838-7839,7950-7951,7967,7975,8045,8062,8066,8224,8236,8249,8266-8269,8305,8586,8792,8820,8863
packages/admin/src/locales/en-GB/messages.po
  s_97e3674bdac896::t_fce746a09921df 81-87,99,271,276,281,352,364,406,410,414,596,626-627,744,854,858-859,863,897,936-939,992-1008,1083,1214,1380,1419-1421,1517,1519-1520,1548,1591,1595,1833,1845,1857,1861,2108,2139,2157,2236,2249,2419,2423,2456,2759,2825,2877,3053,3108,3243,3247-3250,3275,3279,3341,3349,3428-3429,3456-3457,3499,3568,3572,3580-3581,3619,3623,3627-3628,3640-3642,3661,3692,3696,3700,3750,3863,3867-3870,3887,3917,3973,4151-4152,4278-4281,4420,4678-4679,4686,4702-4703,4755-4758,4780-4784,5112,5130,5154,5162,5166-5167,5173-5174,5183,5187,5236,5316,5324,5340,5366-5373,5382,5582-5583,5647,5808,5935,5939,6147,6167,6179-6180,6183,6192,6350,6371,6384-6385,6467-6470,6541,6570,6579,6775,6777,6848,6853,6866,6876-6879,6941-6944,7060-7062,7066,7082,7104,7116,7157-7160,7250,7566,7768,7838-7839,7950-7951,7967,7975,8045,8062,8066,8224,8236,8249,8266-8269,8305,8586,8792,8820,8863
packages/admin/src/locales/en/messages.po
  s_97e3674bdac896::t_ba686e41da27fe 81-87,99,271,276,281,352,364,406,410,414,596,626-627,744,854,858-859,863,897,936-939,992-1008,1083,1214,1380,1419-1421,1517,1519-1520,1548,1591,1595,1833,1845,1857,1861,2108,2139,2157,2236,2249,2419,2423,2456,2759,2825,2877,3053,3108,3243,3247-3250,3275,3279,3341,3349,3428-3429,3456-3457,3499,3568,3572,3580-3581,3619,3623,3627-3628,3640-3642,3661,3692,3696,3700,3750,3863,3867-3870,3887,3917,3973,4151-4152,4278-4281,4420,4678-4679,4686,4702-4703,4755-4758,4780-4784,5112,5130,5154,5162,5166-5167,5173-5174,5183,5187,5236,5316,5324,5340,5366-5373,5382,5582-5583,5647,5808,5935,5939,6147,6167,6179-6180,6183,6192,6350,6371,6384-6385,6467-6470,6541,6570,6579,6775,6777,6848,6853,6866,6876-6879,6941-6944,7060-7062,7066,7082,7104,7116,7157-7160,7250,7566,7768,7838-7839,7950-7951,7967,7975,8045,8062,8066,8224,8236,8249,8266-8269,8305,8586,8792,8820,8863
packages/admin/src/locales/es-419/messages.po
  s_97e3674bdac896::t_49af2cef172e8d 81-87,99,271,276,281,352,364,406,410,414,596,626-627,744,854,858-859,863,897,936-939,992-1008,1083,1214,1380,1419-1421,1517,1519-1520,1548,1591,1595,1833,1845,1857,1861,2108,2139,2157,2236,2249,2419,2423,2456,2759,2825,2877,3053,3108,3243,3247-3250,3275,3279,3341,3349,3428-3429,3456-3457,3499,3568,3572,3580-3581,3619,3623,3627-3628,3640-3642,3661,3692,3696,3700,3750,3863,3867-3870,3887,3917,3973,4151-4152,4278-4281,4420,4678-4679,4686,4702-4703,4755-4758,4780-4784,5112,5130,5154,5162,5166-5167,5173-5174,5183,5187,5236,5316,5324,5340,5366-5373,5382,5582-5583,5647,5808,5935,5939,6147,6167,6179-6180,6183,6192,6350,6371,6384-6385,6467-6470,6541,6570,6579,6775,6777,6848,6853,6866,6876-6879,6941-6944,7060-7062,7066,7082,7104,7116,7157-7160,7250,7566,7768,7838-7839,7950-7951,7967,7975,8045,8062,8066,8224,8236,8249,8266-8269,8305,8586,8792,8820,8863
packages/admin/src/locales/es-ES/messages.po
  s_97e3674bdac896::t_d959d92f6fc44a 81-87,99,271,276,281,352,364,406,410,414,596,626-627,744,854,858-859,863,897,936-939,992-1008,1083,1214,1380,1419-1421,1517,1519-1520,1548,1591,1595,1833,1845,1857,1861,2108,2139,2157,2236,2249,2419,2423,2456,2759,2825,2877,3050,3105,3240,3244-3247,3272,3276,3338,3346,3425-3426,3453-3454,3496,3565,3569,3577-3578,3616,3620,3624-3625,3637-3639,3658,3689,3693,3697,3747,3860,3864-3867,3884,3914,3970,4148-4149,4275-4278,4417,4675-4676,4683,4699-4700,4752-4755,4777-4781,5109,5127,5151,5159,5163-5164,5170-5171,5180,5184,5233,5313,5321,5337,5363-5370,5379,5579-5580,5644,5805,5932,5936,6144,6164,6176-6177,6180,6189,6347,6368,6381-6382,6464-6467,6538,6567,6576,6772,6774,6845,6850,6863,6873-6876,6938-6941,7057-7059,7063,7079,7101,7113,7154-7157,7247,7563,7765,7835-7836,7947-7948,7964,7972,8042,8059,8063,8221,8233,8246,8263-8266,8302,8583,8789,8817,8860
packages/admin/src/locales/eu/messages.po
  s_97e3674bdac896::t_693b209b46fc98 81-87,99,271,276,281,352,364,406,410,414,596,626-627,744,854,858-859,863,897,936-939,992-1008,1083,1214,1380,1419-1421,1517,1519-1520,1548,1591,1595,1833,1845,1857,1861,2108,2139,2157,2236,2249,2419,2423,2456,2759,2825,2877,3050,3105,3240,3244-3247,3272,3276,3338,3346,3425-3426,3453-3454,3496,3565,3569,3577-3578,3616,3620,3624-3625,3637-3639,3658,3689,3693,3697,3747,3860,3864-3867,3884,3914,3970,4148-4149,4275-4278,4417,4675-4676,4683,4699-4700,4752-4755,4777-4781,5109,5127,5151,5159,5163-5164,5170-5171,5180,5184,5233,5313,5321,5337,5363-5370,5379,5579-5580,5644,5802,5929,5933,6141,6161,6173-6174,6177,6186,6344,6365,6378-6379,6461-6464,6535,6564,6573,6769,6771,6842,6847,6860,6870-6873,6935-6938,7054-7056,7060,7076,7098,7110,7151-7154,7244,7560,7762,7832-7833,7944-7945,7961,7969,8039,8056,8060,8218,8230,8243,8260-8263,8299,8580,8786,8814,8857
packages/admin/src/locales/fa/messages.po
  s_97e3674bdac896::t_0128e4726793fa 83-89,101,273,278,283,354,366,408,412,416,598,628-629,746,856,860-861,865,899,938-941,994-1010,1085,1216,1382,1421-1423,1519,1521-1522,1550,1593,1597,1835,1847,1859,1863,2110,2141,2159,2238,2251,2421,2425,2458,2761,2827,2879,3052,3107,3242,3246-3249,3274,3278,3340,3348,3427-3428,3455-3456,3498,3567,3571,3579-3580,3618,3622,3626-3627,3639-3641,3660,3691,3695,3699,3749,3862,3866-3869,3886,3916,3972,4150-4151,4277-4280,4419,4677-4678,4685,4701-4702,4754-4757,4779-4783,5111,5129,5153,5161,5165-5166,5172-5173,5182,5186,5235,5315,5323,5339,5365-5372,5381,5581-5582,5646,5804,5931,5935,6143,6163,6175-6176,6179,6188,6346,6367,6380-6381,6463-6466,6537,6566,6575,6771,6773,6844,6849,6862,6872-6875,6937-6940,7056-7058,7062,7078,7100,7112,7153-7156,7246,7562,7764,7834-7835,7946-7947,7963,7971,8041,8058,8062,8220,8232,8245,8262-8265,8301,8582,8788,8816,8859
packages/admin/src/locales/fr/messages.po
  s_97e3674bdac896::t_9d314f65c0398d 81-87,99,271,276,281,352,364,406,410,414,596,626-627,744,854,858-859,863,897,936-939,992-1008,1083,1214,1380,1419-1421,1517,1519-1520,1548,1591,1595,1833,1845,1857,1861,2108,2139,2157,2236,2249,2419,2423,2456,2759,2825,2877,3053,3108,3243,3247-3250,3275,3279,3341,3349,3428-3429,3456-3457,3499,3568,3572,3580-3581,3619,3623,3627-3628,3640-3642,3661,3692,3696,3700,3750,3863,3867-3870,3887,3917,3973,4151-4152,4278-4281,4420,4678-4679,4686,4702-4703,4755-4758,4780-4784,5112,5130,5154,5162,5166-5167,5173-5174,5183,5187,5236,5316,5324,5340,5366-5373,5382,5582-5583,5647,5808,5935,5939,6147,6167,6179-6180,6183,6192,6350,6371,6384-6385,6467-6470,6541,6570,6579,6775,6777,6848,6853,6866,6876-6879,6941-6944,7060-7062,7066,7082,7104,7116,7157-7160,7250,7566,7768,7838-7839,7950-7951,7967,7975,8045,8062,8066,8224,8236,8249,8266-8269,8305,8586,8792,8820,8863
packages/admin/src/locales/hi/messages.po
  s_97e3674bdac896::t_19340ecc5aa1bf 81-87,99,271,276,281,352,364,406,410,414,596,626-627,744,854,858-859,863,897,936-939,992-1008,1083,1214,1380,1419-1421,1517,1519-1520,1548,1591,1595,1833,1845,1857,1861,2108,2139,2157,2236,2249,2419,2423,2456,2759,2825,2877,3053,3108,3243,3247-3250,3275,3279,3341,3349,3428-3429,3456-3457,3499,3568,3572,3580-3581,3619,3623,3627-3628,3640-3642,3661,3692,3696,3700,3750,3863,3867-3870,3887,3917,3973,4151-4152,4278-4281,4420,4678-4679,4686,4702-4703,4755-4758,4780-4784,5112,5130,5154,5162,5166-5167,5173-5174,5183,5187,5236,5316,5324,5340,5366-5373,5382,5582-5583,5647,5808,5935,5939,6147,6167,6179-6180,6183,6192,6350,6371,6384-6385,6467-6470,6541,6570,6579,6775,6777,6848,6853,6866,6876-6879,6941-6944,7060-7062,7066,7082,7104,7116,7157-7160,7250,7566,7768,7838-7839,7950-7951,7967,7975,8045,8062,8066,8224,8236,8249,8266-8269,8305,8586,8792,8820,8863
packages/admin/src/locales/hu/messages.po
  s_97e3674bdac896::t_28a802e52b1794 81-87,99,271,276,281,352,364,406,410,414,596,626-627,744,854,858-859,863,897,936-939,992-1008,1083,1214,1380,1419-1421,1517,1519-1520,1548,1591,1595,1833,1845,1857,1861,2108,2139,2157,2236,2249,2419,2423,2456,2759,2825,2877,3053,3108,3243,3247-3250,3275,3279,3341,3349,3428-3429,3456-3457,3499,3568,3572,3580-3581,3619,3623,3627-3628,3640-3642,3661,3692,3696,3700,3750,3863,3867-3870,3887,3917,3973,4151-4152,4278-4281,4420,4678-4679,4686,4702-4703,4755-4758,4780-4784,5112,5130,5154,5162,5166-5167,5173-5174,5183,5187,5236,5316,5324,5340,5366-5373,5382,5582-5583,5647,5808,5935,5939,6147,6167,6179-6180,6183,6192,6350,6371,6384-6385,6467-6470,6541,6570,6579,6775,6777,6848,6853,6866,6876-6879,6941-6944,7060-7062,7066,7082,7104,7116,7157-7160,7250,7566,7768,7838-7839,7950-7951,7967,7975,8045,8062,8066,8224,8236,8249,8266-8269,8305,8586,8792,8820,8863
packages/admin/src/locales/id/messages.po
  s_97e3674bdac896::t_5ea990403c6078 81-87,99,271,276,281,352,364,406,410,414,596,626-627,744,854,858-859,863,897,936-939,992-1008,1083,1214,1380,1419-1421,1517,1519-1520,1548,1591,1595,1833,1845,1857,1861,2108,2139,2157,2236,2249,2419,2423,2456,2759,2825,2877,3053,3108,3243,3247-3250,3275,3279,3341,3349,3428-3429,3456-3457,3499,3568,3572,3580-3581,3619,3623,3627-3628,3640-3642,3661,3692,3696,3700,3750,3863,3867-3870,3887,3917,3973,4151-4152,4278-4281,4420,4678-4679,4686,4702-4703,4755-4758,4780-4784,5112,5130,5154,5162,5166-5167,5173-5174,5183,5187,5236,5316,5324,5340,5366-5373,5382,5582-5583,5647,5808,5935,5939,6147,6167,6179-6180,6183,6192,6350,6371,6384-6385,6467-6470,6541,6570,6579,6775,6777,6848,6853,6866,6876-6879,6941-6944,7060-7062,7066,7082,7104,7116,7157-7160,7250,7566,7768,7838-7839,7950-7951,7967,7975,8045,8062,8066,8224,8236,8249,8266-8269,8305,8586,8792,8820,8863
packages/admin/src/locales/ja/messages.po
  s_97e3674bdac896::t_5bdd63108af185 81-87,99,271,276,281,352,364,406,410,414,596,626-627,744,854,858-859,863,897,936-939,992-1008,1083,1214,1380,1419-1421,1517,1519-1520,1548,1591,1595,1833,1845,1857,1861,2108,2139,2157,2236,2249,2419,2423,2456,2759,2825,2877,3050,3105,3240,3244-3247,3272,3276,3338,3346,3425-3426,3453-3454,3496,3565,3569,3577-3578,3616,3620,3624-3625,3637-3639,3658,3689,3693,3697,3747,3860,3864-3867,3884,3914,3970,4148-4149,4275-4278,4417,4675-4676,4683,4699-4700,4752-4755,4777-4781,5109,5127,5151,5159,5163-5164,5170-5171,5180,5184,5233,5313,5321,5337,5363-5370,5379,5579-5580,5644,5802,5929,5933,6141,6161,6173-6174,6177,6186,6344,6365,6378-6379,6461-6464,6535,6564,6573,6769,6771,6842,6847,6860,6870-6873,6935-6938,7054-7056,7060,7076,7098,7110,7151-7154,7244,7560,7762,7832-7833,7944-7945,7961,7969,8039,8056,8060,8218,8230,8243,8260-8263,8299,8580,8786,8814,8857
packages/admin/src/locales/ko/messages.po
  s_97e3674bdac896::t_2cec04a0f56eff 81-87,99,271,276,281,352,364,406,410,414,596,626-627,744,854,858-859,863,897,936-939,992-1008,1083,1214,1380,1419-1421,1517,1519-1520,1548,1591,1595,1833,1845,1857,1861,2108,2139,2157,2236,2249,2419,2423,2456,2759,2825,2877,3050,3105,3240,3244-3247,3272,3276,3338,3346,3425-3426,3453-3454,3496,3565,3569,3577-3578,3616,3620,3624-3625,3637-3639,3658,3689,3693,3697,3747,3860,3864-3867,3884,3914,3970,4148-4149,4275-4278,4417,4675-4676,4683,4699-4700,4752-4755,4777-4781,5109,5127,5151,5159,5163-5164,5170-5171,5180,5184,5233,5313,5321,5337,5363-5370,5379,5579-5580,5644,5802,5929,5933,6141,6161,6173-6174,6177,6186,6344,6365,6378-6379,6461-6464,6535,6564,6573,6769,6771,6842,6847,6860,6870-6873,6935-6938,7054-7056,7060,7076,7098,7110,7151-7154,7244,7560,7762,7832-7833,7944-7945,7961,7969,8039,8056,8060,8218,8230,8243,8260-8263,8299,8580,8786,8814,8857
packages/admin/src/locales/nb/messages.po
  s_97e3674bdac896::t_e9023714d30d07 81-87,99,271,276,281,352,364,406,410,414,596,626-627,744,854,858-859,863,897,936-939,992-1008,1083,1214,1380,1419-1421,1517,1519-1520,1548,1591,1595,1833,1845,1857,1861,2108,2139,2157,2236,2249,2419,2423,2456,2759,2825,2877,3053,3108,3243,3247-3250,3275,3279,3341,3349,3428-3429,3456-3457,3499,3568,3572,3580-3581,3619,3623,3627-3628,3640-3642,3661,3692,3696,3700,3750,3863,3867-3870,3887,3917,3973,4151-4152,4278-4281,4420,4678-4679,4686,4702-4703,4755-4758,4780-4784,5112,5130,5154,5162,5166-5167,5173-5174,5183,5187,5236,5316,5324,5340,5366-5373,5382,5582-5583,5647,5808,5935,5939,6147,6167,6179-6180,6183,6192,6350,6371,6384-6385,6467-6470,6541,6570,6579,6775,6777,6848,6853,6866,6876-6879,6941-6944,7060-7062,7066,7082,7104,7116,7157-7160,7250,7566,7768,7838-7839,7950-7951,7967,7975,8045,8062,8066,8224,8236,8249,8266-8269,8305,8586,8792,8820,8863
packages/admin/src/locales/nl/messages.po
  s_97e3674bdac896::t_b9ae9500feeded 81-87,99,271,276,281,352,364,406,410,414,596,626-627,744,854,858-859,863,897,936-939,992-1008,1083,1214,1380,1419-1421,1517,1519-1520,1548,1591,1595,1833,1845,1857,1861,2108,2139,2157,2236,2249,2419,2423,2456,2759,2825,2877,3053,3108,3243,3247-3250,3275,3279,3341,3349,3428-3429,3456-3457,3499,3568,3572,3580-3581,3619,3623,3627-3628,3640-3642,3661,3692,3696,3700,3750,3863,3867-3870,3887,3917,3973,4151-4152,4278-4281,4420,4678-4679,4686,4702-4703,4755-4758,4780-4784,5112,5130,5154,5162,5166-5167,5173-5174,5183,5187,5236,5316,5324,5340,5366-5373,5382,5582-5583,5647,5808,5935,5939,6147,6167,6179-6180,6183,6192,6350,6371,6384-6385,6467-6470,6541,6570,6579,6775,6777,6848,6853,6866,6876-6879,6941-6944,7060-7062,7066,7082,7104,7116,7157-7160,7250,7566,7768,7838-7839,7950-7951,7967,7975,8045,8062,8066,8224,8236,8249,8266-8269,8305,8586,8792,8820,8863
packages/admin/src/locales/pl/messages.po
  s_97e3674bdac896::t_de066ae73e2b44 81-87,99,271,276,281,352,364,406,410,414,596,626-627,744,854,858-859,863,897,936-939,992-1008,1083,1214,1380,1419-1421,1517,1519-1520,1548,1591,1595,1833,1845,1857,1861,2108,2139,2157,2236,2249,2419,2423,2456,2759,2825,2877,3050,3105,3240,3244-3247,3272,3276,3338,3346,3425-3426,3453-3454,3496,3565,3569,3577-3578,3616,3620,3624-3625,3637-3639,3658,3689,3693,3697,3747,3860,3864-3867,3884,3914,3970,4148-4149,4275-4278,4417,4675-4676,4683,4699-4700,4752-4755,4777-4781,5109,5127,5151,5159,5163-5164,5170-5171,5180,5184,5233,5313,5321,5337,5363-5370,5379,5579-5580,5644,5802,5929,5933,6141,6161,6173-6174,6177,6186,6344,6365,6378-6379,6461-6464,6535,6564,6573,6769,6771,6842,6847,6860,6870-6873,6935-6938,7054-7056,7060,7076,7098,7110,7151-7154,7244,7560,7762,7832-7833,7944-7945,7961,7969,8039,8056,8060,8218,8230,8243,8260-8263,8299,8580,8786,8814,8857
packages/admin/src/locales/pseudo/messages.po
  s_97e3674bdac896::t_6d3f327e0f9d66 81-87,99,271,276,281,352,364,406,410,414,596,626-627,744,854,858-859,863,897,936-939,992-1008,1083,1214,1380,1419-1421,1517,1519-1520,1548,1591,1595,1833,1845,1857,1861,2108,2139,2157,2236,2249,2419,2423,2456,2759,2825,2877,3050,3105,3240,3244-3247,3272,3276,3338,3346,3425-3426,3453-3454,3496,3565,3569,3577-3578,3616,3620,3624-3625,3637-3639,3658,3689,3693,3697,3747,3860,3864-3867,3884,3914,3970,4148-4149,4275-4278,4417,4675-4676,4683,4699-4700,4752-4755,4777-4781,5109,5127,5151,5159,5163-5164,5170-5171,5180,5184,5233,5313,5321,5337,5363-5370,5379,5579-5580,5644,5802,5929,5933,6141,6161,6173-6174,6177,6186,6344,6365,6378-6379,6461-6464,6535,6564,6573,6769,6771,6842,6847,6860,6870-6873,6935-6938,7054-7056,7060,7076,7098,7110,7151-7154,7244,7560,7762,7832-7833,7944-7945,7961,7969,8039,8056,8060,8218,8230,8243,8260-8263,8299,8580,8786,8814,8857
packages/admin/src/locales/pt-BR/messages.po
  s_97e3674bdac896::t_0049f1ca409988 81-87,99,271,276,281,352,364,406,410,414,596,626-627,744,854,858-859,863,897,936-939,992-1008,1083,1214,1380,1419-1421,1517,1519-1520,1548,1591,1595,1833,1845,1857,1861,2108,2139,2157,2236,2249,2419,2423,2456,2759,2825,2877,3050,3105,3240,3244-3247,3272,3276,3338,3346,3425-3426,3453-3454,3496,3565,3569,3577-3578,3616,3620,3624-3625,3637-3639,3658,3689,3693,3697,3747,3860,3864-3867,3884,3914,3970,4148-4149,4275-4278,4417,4675-4676,4683,4699-4700,4752-4755,4777-4781,5109,5127,5151,5159,5163-5164,5170-5171,5180,5184,5233,5313,5321,5337,5363-5370,5379,5579-5580,5644,5802,5929,5933,6141,6161,6173-6174,6177,6186,6344,6365,6378-6379,6461-6464,6535,6564,6573,6769,6771,6842,6847,6860,6870-6873,6935-6938,7054-7056,7060,7076,7098,7110,7151-7154,7244,7560,7762,7832-7833,7944-7945,7961,7969,8039,8056,8060,8218,8230,8243,8260-8263,8299,8580,8786,8814,8857
packages/admin/src/locales/sr-Latn/messages.po
  s_97e3674bdac896::t_c743ffef4adb06 81-87,99,271,276,281,352,364,406,410,414,596,626-627,744,854,858-859,863,897,936-939,992-1008,1083,1214,1380,1419-1421,1517,1519-1520,1548,1591,1595,1833,1845,1857,1861,2108,2139,2157,2236,2249,2419,2423,2456,2759,2825,2877,3053,3108,3243,3247-3250,3275,3279,3341,3349,3428-3429,3456-3457,3499,3568,3572,3580-3581,3619,3623,3627-3628,3640-3642,3661,3692,3696,3700,3750,3863,3867-3870,3887,3917,3973,4151-4152,4278-4281,4420,4678-4679,4686,4702-4703,4755-4758,4780-4784,5112,5130,5154,5162,5166-5167,5173-5174,5183,5187,5236,5316,5324,5340,5366-5373,5382,5582-5583,5647,5808,5935,5939,6147,6167,6179-6180,6183,6192,6350,6371,6384-6385,6467-6470,6541,6570,6579,6775,6777,6848,6853,6866,6876-6879,6941-6944,7060-7062,7066,7082,7104,7116,7157-7160,7250,7566,7768,7838-7839,7950-7951,7967,7975,8045,8062,8066,8224,8236,8249,8266-8269,8305,8586,8792,8820,8863
packages/admin/src/locales/sv/messages.po
  s_97e3674bdac896::t_c6273380b90b54 81-87,99,271,276,281,352,364,406,410,414,596,626-627,744,854,858-859,863,897,936-939,992-1008,1083,1214,1380,1419-1421,1517,1519-1520,1548,1591,1595,1833,1845,1857,1861,2108,2139,2157,2236,2249,2419,2423,2456,2759,2825,2877,3053,3108,3243,3247-3250,3275,3279,3341,3349,3428-3429,3456-3457,3499,3568,3572,3580-3581,3619,3623,3627-3628,3640-3642,3661,3692,3696,3700,3750,3863,3867-3870,3887,3917,3973,4151-4152,4278-4281,4420,4678-4679,4686,4702-4703,4755-4758,4780-4784,5112,5130,5154,5162,5166-5167,5173-5174,5183,5187,5236,5316,5324,5340,5366-5373,5382,5582-5583,5647,5808,5935,5939,6147,6167,6179-6180,6183,6192,6350,6371,6384-6385,6467-6470,6541,6570,6579,6775,6777,6848,6853,6866,6876-6879,6941-6944,7060-7062,7066,7082,7104,7116,7157-7160,7250,7566,7768,7838-7839,7950-7951,7967,7975,8045,8062,8066,8224,8236,8249,8266-8269,8305,8586,8792,8820,8863
packages/admin/src/locales/th/messages.po
  s_97e3674bdac896::t_5c72d0a4f7b932 81-87,99,271,276,281,352,364,406,410,414,596,626-627,744,854,858-859,863,897,936-939,992-1008,1083,1214,1380,1419-1421,1517,1519-1520,1548,1591,1595,1833,1845,1857,1861,2108,2139,2157,2236,2249,2419,2423,2456,2759,2825,2877,3050,3105,3240,3244-3247,3272,3276,3338,3346,3425-3426,3453-3454,3496,3565,3569,3577-3578,3616,3620,3624-3625,3637-3639,3658,3689,3693,3697,3747,3860,3864-3867,3884,3914,3970,4148-4149,4275-4278,4417,4675-4676,4683,4699-4700,4752-4755,4777-4781,5109,5127,5151,5159,5163-5164,5170-5171,5180,5184,5233,5313,5321,5337,5363-5370,5379,5579-5580,5644,5805,5932,5936,6144,6164,6176-6177,6180,6189,6347,6368,6381-6382,6464-6467,6538,6567,6576,6772,6774,6845,6850,6863,6873-6876,6938-6941,7057-7059,7063,7079,7101,7113,7154-7157,7247,7563,7765,7835-7836,7947-7948,7964,7972,8042,8059,8063,8221,8233,8246,8263-8266,8302,8583,8789,8817,8860
packages/admin/src/locales/tr/messages.po
  s_97e3674bdac896::t_4ceca7a636cdd5 81-87,99,271,276,281,352,364,406,410,414,596,626-627,744,854,858-859,863,897,936-939,992-1008,1083,1214,1380,1419-1421,1517,1519-1520,1548,1591,1595,1833,1845,1857,1861,2108,2139,2157,2236,2249,2419,2423,2456,2759,2825,2877,3053,3108,3243,3247-3250,3275,3279,3341,3349,3428-3429,3456-3457,3499,3568,3572,3580-3581,3619,3623,3627-3628,3640-3642,3661,3692,3696,3700,3750,3863,3867-3870,3887,3917,3973,4151-4152,4278-4281,4420,4678-4679,4686,4702-4703,4755-4758,4780-4784,5112,5130,5154,5162,5166-5167,5173-5174,5183,5187,5236,5316,5324,5340,5366-5373,5382,5582-5583,5647,5808,5935,5939,6147,6167,6179-6180,6183,6192,6350,6371,6384-6385,6467-6470,6541,6570,6579,6775,6777,6848,6853,6866,6876-6879,6941-6944,7060-7062,7066,7082,7104,7116,7157-7160,7250,7566,7768,7838-7839,7950-7951,7967,7975,8045,8062,8066,8224,8236,8249,8266-8269,8305,8586,8792,8820,8863
packages/admin/src/locales/uk/messages.po
  s_97e3674bdac896::t_1ea504f8d3548e 81-87,99,271,276,281,352,364,406,410,414,596,626-627,744,854,858-859,863,897,936-939,992-1008,1083,1214,1380,1419-1421,1517,1519-1520,1548,1591,1595,1833,1845,1857,1861,2108,2139,2157,2236,2249,2419,2423,2456,2759,2825,2877,3053,3108,3243,3247-3250,3275,3279,3341,3349,3428-3429,3456-3457,3499,3568,3572,3580-3581,3619,3623,3627-3628,3640-3642,3661,3692,3696,3700,3750,3863,3867-3870,3887,3917,3973,4151-4152,4278-4281,4420,4678-4679,4686,4702-4703,4755-4758,4780-4784,5112,5130,5154,5162,5166-5167,5173-5174,5183,5187,5236,5316,5324,5340,5366-5373,5382,5582-5583,5647,5808,5935,5939,6147,6167,6179-6180,6183,6192,6350,6371,6384-6385,6467-6470,6541,6570,6579,6775,6777,6848,6853,6866,6876-6879,6941-6944,7060-7062,7066,7082,7104,7116,7157-7160,7250,7566,7768,7838-7839,7950-7951,7967,7975,8045,8062,8066,8224,8236,8249,8266-8269,8305,8586,8792,8820,8863
packages/admin/src/locales/zh-CN/messages.po
  s_97e3674bdac896::t_bde7f1023efc4a 81-87,99,271,276,281,352,364,406,410,414,596,626-627,744,854,858-859,863,897,936-939,992-1008,1083,1214,1380,1419-1421,1517,1519-1520,1548,1591,1595,1833,1845,1857,1861,2108,2139,2157,2236,2249,2419,2423,2456,2759,2825,2877,3053,3108,3243,3247-3250,3275,3279,3341,3349,3428-3429,3456-3457,3499,3568,3572,3580-3581,3619,3623,3627-3628,3640-3642,3661,3692,3696,3700,3750,3863,3867-3870,3887,3917,3973,4151-4152,4278-4281,4420,4678-4679,4686,4702-4703,4755-4758,4780-4784,5112,5130,5154,5162,5166-5167,5173-5174,5183,5187,5236,5316,5324,5340,5366-5373,5382,5582-5583,5647,5808,5935,5939,6147,6167,6179-6180,6183,6192,6350,6371,6384-6385,6467-6470,6541,6570,6579,6775,6777,6848,6853,6866,6876-6879,6941-6944,7060-7062,7066,7082,7104,7116,7157-7160,7250,7566,7768,7838-7839,7950-7951,7967,7975,8045,8062,8066,8224,8236,8249,8266-8269,8305,8586,8792,8820,8863
packages/admin/src/locales/zh-TW/messages.po
  s_97e3674bdac896::t_d72a4665f786e6 81-87,99,271,276,281,352,364,406,410,414,596,626-627,744,854,858-859,863,897,936-939,992-1008,1083,1214,1380,1419-1421,1517,1519-1520,1548,1591,1595,1833,1845,1857,1861,2108,2139,2157,2236,2249,2419,2423,2456,2759,2825,2877,3053,3108,3243,3247-3250,3275,3279,3341,3349,3428-3429,3456-3457,3499,3568,3572,3580-3581,3619,3623,3627-3628,3640-3642,3661,3692,3696,3700,3750,3863,3867-3870,3887,3917,3973,4151-4152,4278-4281,4420,4678-4679,4686,4702-4703,4755-4758,4780-4784,5112,5130,5154,5162,5166-5167,5173-5174,5183,5187,5236,5316,5324,5340,5366-5373,5382,5582-5583,5647,5808,5935,5939,6147,6167,6179-6180,6183,6192,6350,6371,6384-6385,6467-6470,6541,6570,6579,6775,6777,6848,6853,6866,6876-6879,6941-6944,7060-7062,7066,7082,7104,7116,7157-7160,7250,7566,7768,7838-7839,7950-7951,7967,7975,8045,8062,8066,8224,8236,8249,8266-8269,8305,8586,8792,8820,8863
packages/admin/src/router.tsx
  s_97e3674bdac896::t_a4bc0c5043cc8a 24,353,358-369,404,418,644-645
packages/admin/tests/components/ImageFieldRenderer.test.tsx
  s_97e3674bdac896::t_b52f72b8ab7c18 1-190
packages/core/src/api/errors.ts
  s_97e3674bdac896::t_449adb3765688e 250-253
packages/core/src/api/handlers/content.ts
  s_97e3674bdac896::t_e4612bad58f455 24,446-466,485-487,494-495,498-500
packages/core/src/api/handlers/index.ts
  s_97e3674bdac896::t_bb5c5e38c8c185 175-178,186-187
packages/core/src/api/handlers/taxonomies.ts
  s_97e3674bdac896::t_2c423829b2289b 10,14,42-45,150-153,159-209,269-293,308,323-325,403-515
packages/core/src/api/openapi/document.ts
  s_97e3674bdac896::t_f9bc54192117eb 126,128,134,1456-1546
packages/core/src/api/schemas/content.ts
  s_97e3674bdac896::t_50e3a5799e7048 29-62,79-89,91-95
packages/core/src/api/schemas/taxonomies.ts
  s_97e3674bdac896::t_12b6eb39afd5d3 12-17,28,34-48,137-140
packages/core/src/astro/integration/routes.ts
  s_97e3674bdac896::t_9d975b01e6d789 419-428
packages/core/src/astro/middleware/redirect.ts
  s_97e3674bdac896::t_a1fb1f1b9ccbb4 107-118
packages/core/src/astro/routes/api/taxonomies/[name].ts
  s_97e3674bdac896::t_ca436e5e26ef30 1-102
packages/core/src/astro/routes/api/taxonomies/[name]/translations.ts
  s_97e3674bdac896::t_13830832acd76b 1-48
packages/core/src/astro/types.ts
  s_97e3674bdac896::t_a1b39a5f106009 252-254
packages/core/src/database/repositories/content.ts
  s_97e3674bdac896::t_df20ab47399768 19,588,989-1097,1123
packages/core/src/database/repositories/media-usage.ts
  s_97e3674bdac896::t_542daa994e0a13 461-479,501,602,637,665,2383-2384,2386-2387,2389-2406,2409-2410,2415
packages/core/src/database/repositories/types.ts
  s_97e3674bdac896::t_bb48c98355d167 148-175,200-201
packages/core/src/emdash-runtime.ts
  s_97e3674bdac896::t_ee8109a4151f3e 2808-2810
packages/core/src/fields/image.ts
  s_97e3674bdac896::t_baec5ea832fa07 7,11-17
packages/core/src/media/usage/collection-deletion.ts
  s_97e3674bdac896::t_0351a1faf31128 385,392,398
packages/core/src/schema/zod-generator.ts
  s_97e3674bdac896::t_38369b7132fe68 142-145,419
packages/core/src/taxonomies/index.ts
  s_97e3674bdac896::t_f8457a55c5a766 54-56,91-92
packages/core/tests/fields/image.test.ts
  s_97e3674bdac896::t_a2539b67f1b1c4 36-50,54
packages/core/tests/integration/content/content-list-byline-filter-plan.test.ts
  s_97e3674bdac896::t_2f4f275294eade 1-146
packages/core/tests/integration/content/content-list-byline-filter.test.ts
  s_97e3674bdac896::t_ae34881259da39 1-291
packages/core/tests/unit/astro/integration/virtual-modules.test.ts
  s_97e3674bdac896::t_f06682cfd910e1 1,251-253
packages/core/tests/unit/astro/middleware-redirect.test.ts
  s_97e3674bdac896::t_4ce47dd187f780 347-426
packages/core/tests/unit/fields/all-fields.test.ts
  s_97e3674bdac896::t_268afd67c3cfbb 252-253
packages/core/tests/unit/schema/zod-generator.test.ts
  s_97e3674bdac896::t_d93eb8dddd1040 280-292,557-568,582-584
packages/core/tests/unit/taxonomies/taxonomy-crud.test.ts
  s_97e3674bdac896::t_f39642f1514e25 1-491
packages/core/tests/workerd/media-usage-collection-deletion-d1.test.ts
  s_97e3674bdac896::t_eecad564453d58 8,11,44-99
packages/plugins/forms/package.json
  s_97e3674bdac896::t_cbe8973fee1e18 11
packages/plugins/forms/src/astro/ui.ts
  s_97e3674bdac896::t_eb05d22f5057f0 1
---
{
  "schema_version": "authorship/3.0.0",
  "git_ai_version": "1.6.10",
  "base_commit_sha": "da4e77e6f0b522385dd95b52e631d0698d1d6c59",
  "prompts": {},
  "sessions": {
    "s_97e3674bdac896": {
      "agent_id": {
        "tool": "codex",
        "id": "019fc72b-55cd-7a91-afb2-371592f75474",
        "model": "unknown"
      },
      "human_author": "khoinguyenpham04 <137921741+khoinguyenpham04@users.noreply.github.com>"
    }
  }
}