.changeset/README.md
  s_f7da1a00d7a35d::t_fb0d69534025a8 1,3,5-115
.changeset/align-editor-sidebar-handles.md
  s_f7da1a00d7a35d::t_80632b5c76d8c1 2,5
.changeset/calm-images-select.md
  s_f7da1a00d7a35d::t_5dcbd2fda47790 2,5
.changeset/code-block-tab-indentation.md
  s_f7da1a00d7a35d::t_64f6dbad11c373 1-6
.changeset/fix-comment-session-auth.md
  s_f7da1a00d7a35d::t_b2756246e8cc22 2,5
.changeset/fix-refresh-retry-with-body.md
  s_f7da1a00d7a35d::t_07802109904cbe 1-5
.changeset/lazy-donkeys-translate.md
  s_f7da1a00d7a35d::t_0c75cc223f8db3 1-5
.changeset/restore-content-bylines-table.md
  s_f7da1a00d7a35d::t_1b610c7b8423b6 1-5
.changeset/section-plugin-blocks.md
  s_f7da1a00d7a35d::t_44b1af0dce6fed 2,5
.changeset/stabilize-seo-description-layout.md
  s_f7da1a00d7a35d::t_9d6c48a40637ab 2,5
.changeset/stream-provider-video-preview.md
  s_f7da1a00d7a35d::t_672c8963a2e5f3 1-7
.changeset/tidy-tables-break.md
  s_f7da1a00d7a35d::t_47e7fa08c66d4a 1-5
.github/PULL_REQUEST_TEMPLATE.md
  s_f7da1a00d7a35d::t_67fd1d609e132c 29
.opencode/agents/auto-implementer.md
  s_f7da1a00d7a35d::t_9341cc38d0eee8 133
.opencode/agents/auto-reviewer.md
  s_f7da1a00d7a35d::t_6a522286fa9fb8 39,47-48
AGENTS.md
  s_f7da1a00d7a35d::t_b338ba2a55813f 3,33,35
CONTRIBUTING.md
  s_f7da1a00d7a35d::t_29b3dc9954acb1 166,168
TRIAGE.md
  s_f7da1a00d7a35d::t_736634da18acef 237,239
demos/playground/wrangler.jsonc
  s_f7da1a00d7a35d::t_4cc16d29d44c2e 6,30
docs/src/content/docs/deployment/core-migrations.mdx
  s_f7da1a00d7a35d::t_0bcaa452d808cc 16-19,24,27,30-32,35,37,39,73,80,85-86,89,91,98-107,109,137,145,149,154,159
docs/src/content/docs/guides/media-library.mdx
  s_f7da1a00d7a35d::t_15fa62c18fb9be 21,23,25,41-46
e2e/tests/admin-fixes.spec.ts
  s_f7da1a00d7a35d::t_0abd4afdd8f9b2 6,16-17,28-29,60-78,95,150-152,164,171
e2e/tests/comments.spec.ts
  s_f7da1a00d7a35d::t_284e2c02ed36fc 9-10,28,30,35-39,46-48,110-115,122,127,165-170,177,233-238,245
e2e/tests/content-crud.spec.ts
  s_f7da1a00d7a35d::t_9b214bc0722b76 93-142
e2e/tests/image-optimization.spec.ts
  s_f7da1a00d7a35d::t_d9eb5012c9dd1a 30-32,41
e2e/tests/media-library.spec.ts
  s_f7da1a00d7a35d::t_b75ce3193f14a1 21,47-55,58-62
fixtures/perf-site/CHANGELOG.md
  s_f7da1a00d7a35d::t_0e21843f5c9a4b 3-10
fixtures/perf-site/package.json
  s_f7da1a00d7a35d::t_3312b44bec3586 3
infra/blog-demo/CHANGELOG.md
  s_f7da1a00d7a35d::t_d8216b5e07417c 3-10
infra/blog-demo/package.json
  s_f7da1a00d7a35d::t_968c73e312ddbb 3
infra/cache-demo/CHANGELOG.md
  s_f7da1a00d7a35d::t_6596b4e20f8133 3-10
infra/cache-demo/package.json
  s_f7da1a00d7a35d::t_daa45bda1a27cb 3
infra/do-demo/CHANGELOG.md
  s_f7da1a00d7a35d::t_f87000873f2127 3-10
infra/do-demo/package.json
  s_f7da1a00d7a35d::t_d44eb307c85593 3
infra/do-solo-demo/CHANGELOG.md
  s_f7da1a00d7a35d::t_3b83af73105bd0 3-10
infra/do-solo-demo/package.json
  s_f7da1a00d7a35d::t_3de3493282067c 3
infra/emdash-bot/.flue/agents/investigate.ts
  s_f7da1a00d7a35d::t_79d39e26a78ff0 32-34,43,47-53,56,58-62,74,117-121,145,156-159,162-175,236-239,244,247,265-290,426,444,454,458-464,488,508,525,545,584,590-593,606-608,610,612-614,617-626,629-633,636-640,645,687,690-693,795-796,798-843,845-850,863-880,917,995,1031-1034,1039,1041-1042,1049
infra/emdash-bot/.flue/cloudflare.ts
  s_f7da1a00d7a35d::t_7138c222ea05a1 6,8,11,13,24,29-32,41,54-58,65,77-81,85,92,98-107,110
infra/emdash-bot/.flue/dashboard.html
  s_f7da1a00d7a35d::t_8423254bf5cf77 48-50,724-890,900-1621,1624-1625,1628-1629,1632-1633,1636-1637,1640-1641,1644-1647,1650-1651,1654-1658,1661-1662,1665-1671,1674-1679,1681,1684-1689,1692-1693,1696-1699,1701-1710,1712-1715,1717-1720,1722-1724,1726-1728,1730-1733,1735-1737,1739-1742,1744-1746,1748-1750,1752-1766,1770,1772,1775-1776,1779-1780,1784-1786,1789-1791,1793,1795-1797,1800-1801,1804-1807,1810-1812,1815-1818,1821-1822,1899,1901,1910-1911,1981-1989,2022-2029,2184,2256-2380,2434,2474-2551,2575-2584,2595
infra/emdash-bot/.flue/lib/anonymous-egress.ts
  s_f7da1a00d7a35d::t_f400cbb99123b2 1-91
infra/emdash-bot/.flue/lib/comments.ts
  s_f7da1a00d7a35d::t_ec5b5de3b88945 1-15,22-83,88,231-232,245-248,252,260-290,294,296-302,304-308,313,317-318
infra/emdash-bot/.flue/lib/context-registry.ts
  s_f7da1a00d7a35d::t_abad4118b03c8d 1-22
infra/emdash-bot/.flue/lib/exec-env.ts
  s_f7da1a00d7a35d::t_1d2a5c9f2e5dd3 18,106-108,143-147,229-230,236,239-250,252,255-256,266-269,273-278,280-291,293-317,319-321,324-356,383-419,594-600,603-604
infra/emdash-bot/.flue/lib/github-proxy.ts
  s_f7da1a00d7a35d::t_9675e2c2e394a2 2-3,6,48-71,114-124,137-142,151-163,181-194,206-211,215,227-230,241-244,255-258,273-276,296-308,324-327,335-338,363-364,370-373
infra/emdash-bot/.flue/lib/github.ts
  s_f7da1a00d7a35d::t_9c74568f7d9d37 91-94,100,390-407
infra/emdash-bot/.flue/lib/investigation-result.ts
  s_f7da1a00d7a35d::t_0470a4b606811f 59-72
infra/emdash-bot/.flue/lib/issue-context.ts
  s_f7da1a00d7a35d::t_151d922d6a3e8c 9,71,73-81,90-92,115,146,152-154,162-165,174-177
infra/emdash-bot/.flue/lib/machine.json
  s_f7da1a00d7a35d::t_86bd435d70011f 53,68,91,95,204,219,317,321-322,440,513-519,538-544,566,577-587,600-605,913-918,934-939
infra/emdash-bot/.flue/lib/machine.ts
  s_f7da1a00d7a35d::t_1c4edd834d3297 152-155,163,172,191,193,282,292,461-463,465,468,554,637-643,655-661,673,675-677,687,847,851,1020-1032
infra/emdash-bot/.flue/lib/observer.ts
  s_f7da1a00d7a35d::t_ffccc371b5f58d 7-30,33,35,42,45,48,59,63,68,71,73,75-103,107-127
infra/emdash-bot/.flue/lib/orchestrator.ts
  s_f7da1a00d7a35d::t_b460e6eb9fcbff 13,16,62,72-80,90,169-170,201,296,324-333,407-413,420-438,492-494,510,547,647-650,653,655,661-666,669-670,672-745,747-858,999-1006,1031-1044,1049,1079,1385,1439,2170-2172,2179,2181-2188,2253,2256-2260,2270-2296,2554-2560,2568-2570
infra/emdash-bot/.flue/lib/preview.ts
  s_f7da1a00d7a35d::t_b83f67b38f8a2d 60-63
infra/emdash-bot/.flue/lib/run-lifecycle.ts
  s_f7da1a00d7a35d::t_d3be811b3ef1c6 15-16,69-77,108-110
infra/emdash-bot/.flue/lib/run-policy.ts
  s_f7da1a00d7a35d::t_a43ad756cce118 5,7-8,10-11
infra/emdash-bot/.flue/lib/run-trace.ts
  s_f7da1a00d7a35d::t_546806fe5dcbd3 1-369
infra/emdash-bot/.flue/lib/timeout-recovery.ts
  s_f7da1a00d7a35d::t_00aa0c066ab173 36
infra/emdash-bot/.flue/lib/webhook.ts
  s_f7da1a00d7a35d::t_25730f42fe1d68 141,186-190,322-329,336-337,340,352,363-365,368-369,381,389-391,408,433-436,444,456-457,468-471,498,509,519-521,524,532-557,559
infra/emdash-bot/.flue/lib/work-plan.ts
  s_f7da1a00d7a35d::t_7f4aca5e1207f2 42,100-111,130-141
infra/emdash-bot/.flue/lib/workspace-attachment.ts
  s_f7da1a00d7a35d::t_c25779d4d11f20 1-12,14-16,19-21,23-24,27-43,46-59,61-73,75-76,79-88,91-94,96-98,100-104,107,110-111,114-121,123-132,134,137-143
infra/emdash-bot/.flue/lib/workspace-bootstrap.ts
  s_f7da1a00d7a35d::t_32f23ea715ff28 1-155
infra/emdash-bot/.flue/routes.ts
  s_f7da1a00d7a35d::t_4ee9ffba4c834a 10-27,44-77,98,103-129,153
infra/emdash-bot/.flue/skills/fix/SKILL.md
  s_f7da1a00d7a35d::t_bc11fb724112dd 3,10-20,25,35,40-43,55-58
infra/emdash-bot/.flue/skills/implement/SKILL.md
  s_f7da1a00d7a35d::t_02ab9264731611 3,10-19,23-31,38,46,51-52
infra/emdash-bot/.flue/skills/repro-api/SKILL.md
  s_f7da1a00d7a35d::t_1a0106ac8f2ef1 13,28-29,33-34
infra/emdash-bot/BOT_STATE_MACHINE.md
  s_f7da1a00d7a35d::t_a3893be0426f8c 28-29,31,39-40,54,72,89,93,97,99-101,104,159,163,196,200,204,206-208,211,268,272,332
infra/emdash-bot/Dockerfile
  s_f7da1a00d7a35d::t_6521a4684f9fe6 111-113
infra/emdash-bot/package.json
  s_f7da1a00d7a35d::t_34e630d89424f2 23
infra/emdash-bot/scripts/machine-artifacts.ts
  s_f7da1a00d7a35d::t_096f91469a7c81 175
infra/emdash-bot/tests/integration/_entry.ts
  s_f7da1a00d7a35d::t_5387a0055cd290 22-30
infra/emdash-bot/tests/integration/orchestrator.test.ts
  s_f7da1a00d7a35d::t_057208135b0940 20,26,95-138,210-314,328-332,334,336-343,348-425,612-650,669-721,1209-1240,1644,1676-1713,1716-1725
infra/emdash-bot/tests/integration/webhook.test.ts
  s_f7da1a00d7a35d::t_45008e047592f0 10,18-19,21-22,27-55,153,162-193,298-406
infra/emdash-bot/tests/unit/anonymous-egress.test.ts
  s_f7da1a00d7a35d::t_77b5caf7d10385 1-79
infra/emdash-bot/tests/unit/candidate-publisher.test.ts
  s_f7da1a00d7a35d::t_0e774631ea9363 1,3,5-6
infra/emdash-bot/tests/unit/context-registry.test.ts
  s_f7da1a00d7a35d::t_6c4270d56bf548 1-34
infra/emdash-bot/tests/unit/exec-env.test.ts
  s_f7da1a00d7a35d::t_24613c3025b424 234,256,267-270,346-347,350,354-363,365-368,370-381,383-388,391-392,395-397,400,405,407,410,413-415,417-420,422-436,439,443-444,446,449,452-454,456-471,474,478-479,483,487,489-498,557-569
infra/emdash-bot/tests/unit/git-publication.test.ts
  s_f7da1a00d7a35d::t_7e87c06088abbf 1-113
infra/emdash-bot/tests/unit/github-proxy.test.ts
  s_f7da1a00d7a35d::t_ef9a34a4053a1e 1-2,9-10,12-13,44-84,116-147,152,161,168,181-234,255-271,281
infra/emdash-bot/tests/unit/github.test.ts
  s_f7da1a00d7a35d::t_7ef52c2cd6ff1f 7,134-156
infra/emdash-bot/tests/unit/issue-context.test.ts
  s_f7da1a00d7a35d::t_bf42abd25b7ab0 50-62,78-80,115-146
infra/emdash-bot/tests/unit/orchestrator-comments.test.ts
  s_f7da1a00d7a35d::t_4af760cb976709 4,6,88,93-95,143-170,173-179,197-219
infra/emdash-bot/tests/unit/preview.test.ts
  s_f7da1a00d7a35d::t_a096c5acc91b45 7,19
infra/emdash-bot/tests/unit/router.test.ts
  s_f7da1a00d7a35d::t_5ebdab6030c63a 542-601
infra/emdash-bot/tests/unit/run-lifecycle.test.ts
  s_f7da1a00d7a35d::t_6dbfb11dd9d80a 5,66-77
infra/emdash-bot/tests/unit/run-policy.test.ts
  s_f7da1a00d7a35d::t_956aaeb32db7fc 4-5,29-32
infra/emdash-bot/tests/unit/run-trace.test.ts
  s_f7da1a00d7a35d::t_84713a7fee92d6 1-128
infra/emdash-bot/tests/unit/timeout-recovery.test.ts
  s_f7da1a00d7a35d::t_7316a0c094d7be 27,34
infra/emdash-bot/tests/unit/webhook.test.ts
  s_f7da1a00d7a35d::t_99296cca6dc57b 15,261-265,302,319,336-340,360-364,386,394-398,405-407,427-537
infra/emdash-bot/tests/unit/work-plan.test.ts
  s_f7da1a00d7a35d::t_699ec1cc174395 4,118-147
infra/emdash-bot/tests/unit/workspace-attachment.test.ts
  s_f7da1a00d7a35d::t_2bd0a8d9efba24 1,4-6,8-39,41-43,46,49-53,55-65,68-70,72-86,88-91,94-102,104-107,110-127,130,132-148,150
infra/emdash-bot/tests/unit/workspace-bootstrap.test.ts
  s_f7da1a00d7a35d::t_aa5b654148106e 1-182
infra/flue-review/.flue/app.ts
  s_f7da1a00d7a35d::t_6539b10e9c77fe 11-12,15,31-35
infra/flue-review/.flue/lib/ai-payload-budget.ts
  s_f7da1a00d7a35d::t_95cf2b5e46fd5c 1-27
infra/flue-review/.flue/lib/byte-budget.ts
  s_f7da1a00d7a35d::t_83fdd7972659ef 1-28
infra/flue-review/.flue/lib/review-failure.ts
  s_f7da1a00d7a35d::t_bde2ec1d106872 1-22
infra/flue-review/.flue/skills/review/SKILL.md
  s_f7da1a00d7a35d::t_0aab3d0e73a822 28-33
infra/flue-review/.flue/workflows/review.ts
  s_f7da1a00d7a35d::t_dbebc8e787108a 42,465
infra/flue-review/test/ai-payload-budget.test.ts
  s_f7da1a00d7a35d::t_e83256b7c1c0ad 1-26
infra/flue-review/test/review-failure.test.ts
  s_f7da1a00d7a35d::t_339e30fdbf62e6 1-23
packages/admin/CHANGELOG.md
  s_f7da1a00d7a35d::t_b55b6405a49a7c 3-13
packages/admin/package.json
  s_f7da1a00d7a35d::t_8cc944d835c7de 3
packages/admin/src/components/MediaDetailPanel.tsx
  s_f7da1a00d7a35d::t_182e74b36d5943 16,58-59,254-264,266
packages/admin/src/components/MediaLibrary.tsx
  s_2475d4feb449ab::t_77e57e5d306b25 4,11,26,30,52,94-103,142-143,175-184,186-192,194-214,216-237,283-306,309-322,330-332,467,491,600-613,744,824,843,860
packages/admin/src/components/MediaUploadDialog.tsx
  s_f7da1a00d7a35d::t_7a4c911263c47e 1-518
packages/admin/src/components/PortableTextEditor.tsx
  s_f7da1a00d7a35d::t_829552dc8df9a4 617,620-627,630,744-747,778
packages/admin/src/components/SectionEditor.tsx
  s_f7da1a00d7a35d::t_3cb92dd849e09a 13-20,27-31,52-58,113,122,126,219
packages/admin/src/components/SeoPanel.tsx
  s_f7da1a00d7a35d::t_99750b505f349c 204,214-216
packages/admin/src/components/SortableContentSettingsSections.tsx
  s_f7da1a00d7a35d::t_5ce148520928d9 216
packages/admin/src/components/editor/CodeBlockNode.tsx
  s_f7da1a00d7a35d::t_30c19ac79bdd51 214-227,231
packages/admin/src/components/editor/ImageNode.tsx
  s_f7da1a00d7a35d::t_5467d4601a70fe 50-57,85-92,183-184,201
packages/admin/src/lib/api/index.ts
  s_f7da1a00d7a35d::t_6a6e4453ae6b93 61,65
packages/admin/src/lib/api/media.ts
  s_f7da1a00d7a35d::t_2936bcc62ef185 18-25,89-90,119-120,124-127,133,144,147,151,171,186,192,204-208,216,225-229,234,236-246,248-250,253,256-261,268,270,282,297-298,307,311,314,317-325,442,444,452
packages/admin/src/lib/media-utils.ts
  s_f7da1a00d7a35d::t_d4f63bd676c373 12-46,56-58
packages/admin/src/locales/ar/messages.po
  s_f7da1a00d7a35d::t_b51be0e0b0546f 103,280,285,290,343,347-356,369-372,415-418,433,437,473,620,672,690,694,748,756,789,793,861,865,869,926,931-934,970,976-977,981-982,1020-1037,1080,1089-1090,1154,1243,1302-1303,1363-1364,1386-1389,1395-1398,1408-1409,1477,1483,1503-1511,1540,1599,1646-1649,1651,1656-1657,1692-1693,1697,1707-1709,1756,1762-1763,1799,1822-1825,1873-1874,1893,1905,1925,1929,1968,2006,2014,2074,2083,2234,2284,2382-2383,2399,2448,2483,2517,2525,2546-2547,2590,2594,2600,2651,2699,2708,2716,2724-2729,2773,2782,2806,2864-2867,2876,2904-2907,2954,2997,3091,3095,3200,3212,3241,3298,3336,3340-3343,3368,3381,3385,3434,3442,3492,3496,3500,3517,3549-3550,3570,3592,3661,3673-3674,3712,3733-3735,3754,3785,3789,3793,3818,3843,3847,3851,3855,3942-3944,3948,3956-3959,3989,4032,4070,4083,4105,4111,4117,4123,4129,4135,4153,4194,4202-4203,4234,4277,4392,4402,4406,4410,4414,4418,4422,4426,4430,4434,4438-4439,4451,4455,4459-4460,4464,4563-4564,4569,4625,4662,4712-4715,4766,4787,4793,4809-4810,4818,4868,4870,4986,4990,5055-5056,5064,5086,5098,5195,5290,5294,5343,5460-5461,5562-5565,5582,5604-5605,5622,5626,5680,5692,5781-5782,5851,5869-5872,5927,6257,6310,6319,6335-6338,6349-6350,6432,6482,6492,6494,6542,6547-6548,6674,6712,6717-6725,6730,6843,6892,6932,7016,7064,7108,7122,7126,7138,7142,7146,7271,7280,7307,7312,7591,7595,7616,7632,7636,7640,7685,7703,7720-7721,7753-7754,7775,7779,7811,7815,7888,7925,7954,7962,7987,7995,8008,8062,8066,8070,8126,8161,8220,8253,8282,8286,8314,8338-8339,8343,8399,8415,8533-8536,8549-8550,8558,8566,8571,8575-8578,8583,8587,8601-8603,8620,8648,8656,8746,8759,8871,8895,9040,9121-9122,9148
packages/admin/src/locales/ca/messages.po
  s_f7da1a00d7a35d::t_cd10ba3e92c5e6 99,276,281,286,339,343-352,365-368,411-414,429,433,469,616,668,686,690,744,752,785,789,857,861,865,922,927-930,966,972-973,977-978,1016-1033,1076,1085-1086,1150,1239,1298-1299,1359-1360,1382-1385,1391-1394,1404-1405,1473,1479,1499-1507,1536,1595,1642-1645,1647,1652-1653,1688-1689,1693,1703-1705,1752,1758-1759,1795,1818-1821,1869-1870,1889,1901,1921,1925,1964,2002,2010,2070,2079,2230,2280,2378-2379,2395,2444,2479,2513,2521,2542-2543,2586,2590,2596,2647,2695,2704,2712,2720-2725,2769,2778,2802,2860-2863,2872,2900-2903,2950,2993,3090,3094,3199,3211,3240,3297,3335,3339-3342,3367,3380,3384,3433,3441,3491,3495,3499,3516,3548-3549,3569,3591,3660,3672-3673,3711,3732-3734,3753,3784,3788,3792,3817,3842,3846,3850,3854,3941-3943,3947,3955-3958,3988,4031,4069,4082,4104,4110,4116,4122,4128,4134,4152,4193,4201-4202,4233,4276,4391,4401,4405,4409,4413,4417,4421,4425,4429,4433,4437-4438,4450,4454,4458-4459,4463,4562-4563,4568,4624,4661,4711-4714,4765,4786,4792,4808-4809,4817,4867,4869,4985,4989,5054-5055,5063,5085,5097,5194,5289,5293,5342,5459-5460,5561-5564,5581,5603-5604,5621,5625,5679,5691,5780-5781,5850,5868-5871,5926,6256,6309,6318,6334-6337,6348-6349,6431,6481,6491,6493,6541,6546-6547,6673,6711,6716-6724,6729,6842,6891,6931,7015,7063,7107,7121,7125,7137,7141,7145,7270,7279,7306,7311,7590,7594,7615,7631,7635,7639,7684,7702,7719-7720,7752-7753,7774,7778,7810,7814,7887,7924,7953,7961,7986,7994,8007,8061,8065,8069,8125,8160,8219,8252,8281,8285,8313,8337-8338,8342,8398,8414,8532-8535,8548-8549,8557,8565,8570,8574-8577,8582,8586,8600-8602,8619,8647,8655,8745,8758,8870,8894,9039,9120-9121,9147
packages/admin/src/locales/cs/messages.po
  s_f7da1a00d7a35d::t_19624792bd53fc 99,276,281,286,339,343-352,365-368,411-414,429,433,469,616,668,686,690,744,752,785,789,857,861,865,922,927-930,966,972-973,977-978,1016-1033,1076,1085-1086,1150,1239,1298-1299,1359-1360,1382-1385,1391-1394,1404-1405,1473,1479,1499-1507,1536,1595,1642-1645,1647,1652-1653,1688-1689,1693,1703-1705,1752,1758-1759,1795,1818-1821,1869-1870,1889,1901,1921,1925,1964,2002,2010,2070,2079,2230,2280,2378-2379,2395,2444,2479,2513,2521,2542-2543,2586,2590,2596,2647,2695,2704,2712,2720-2725,2769,2778,2802,2860-2863,2872,2900-2903,2950,2993,3090,3094,3199,3211,3240,3297,3335,3339-3342,3367,3380,3384,3433,3441,3491,3495,3499,3516,3548-3549,3569,3591,3660,3672-3673,3711,3732-3734,3753,3784,3788,3792,3817,3842,3846,3850,3854,3941-3943,3947,3955-3958,3988,4031,4069,4082,4104,4110,4116,4122,4128,4134,4152,4193,4201-4202,4233,4276,4391,4401,4405,4409,4413,4417,4421,4425,4429,4433,4437-4438,4450,4454,4458-4459,4463,4562-4563,4568,4624,4661,4711-4714,4765,4786,4792,4808-4809,4817,4867,4869,4985,4989,5054-5055,5063,5085,5097,5194,5289,5293,5342,5459-5460,5561-5564,5581,5603-5604,5621,5625,5679,5691,5780-5781,5850,5868-5871,5926,6256,6309,6318,6334-6337,6348-6349,6431,6481,6491,6493,6541,6546-6547,6673,6711,6716-6724,6729,6842,6891,6931,7015,7063,7107,7121,7125,7137,7141,7145,7270,7279,7306,7311,7590,7594,7615,7631,7635,7639,7684,7702,7719-7720,7752-7753,7774,7778,7810,7814,7887,7924,7953,7961,7986,7994,8007,8061,8065,8069,8125,8160,8219,8252,8281,8285,8313,8337-8338,8342,8398,8414,8532-8535,8548-8549,8557,8565,8570,8574-8577,8582,8586,8600-8602,8619,8647,8655,8745,8758,8870,8894,9039,9120-9121,9147
packages/admin/src/locales/de/messages.po
  s_f7da1a00d7a35d::t_ecf43d1bd59973 99,276,281,286,339,343-352,365-368,411-414,429,433,469,616,668,686,690,744,752,785,789,857,861,865,922,927-930,966,972-973,977-978,1016-1033,1076,1085-1086,1150,1239,1298-1299,1359-1360,1382-1385,1391-1394,1404-1405,1473,1479,1499-1507,1536,1595,1642-1645,1647,1652-1653,1688-1689,1693,1703-1705,1752,1758-1759,1795,1818-1821,1869-1870,1889,1901,1921,1925,1964,2002,2010,2070,2079,2230,2280,2378-2379,2395,2444,2479,2513,2521,2542-2543,2586,2590,2596,2647,2695,2704,2712,2720-2725,2769,2778,2802,2860-2863,2872,2900-2903,2950,2993,3090,3094,3199,3211,3240,3297,3335,3339-3342,3367,3380,3384,3433,3441,3491,3495,3499,3516,3548-3549,3569,3591,3660,3672-3673,3711,3732-3734,3753,3784,3788,3792,3817,3842,3846,3850,3854,3941-3943,3947,3955-3958,3988,4031,4069,4082,4104,4110,4116,4122,4128,4134,4152,4193,4201-4202,4233,4276,4391,4401,4405,4409,4413,4417,4421,4425,4429,4433,4437-4438,4450,4454,4458-4459,4463,4562-4563,4568,4624,4661,4711-4714,4765,4786,4792,4808-4809,4817,4867,4869,4985,4989,5054-5055,5063,5085,5097,5194,5289,5293,5342,5459-5460,5561-5564,5581,5603-5604,5621,5625,5679,5691,5780-5781,5850,5868-5871,5926,6256,6309,6318,6334-6337,6348-6349,6431,6481,6491,6493,6541,6546-6547,6673,6711,6716-6724,6729,6842,6891,6931,7015,7063,7107,7121,7125,7137,7141,7145,7270,7279,7306,7311,7590,7594,7615,7631,7635,7639,7684,7702,7719-7720,7752-7753,7774,7778,7810,7814,7887,7924,7953,7961,7986,7994,8007,8061,8065,8069,8125,8160,8219,8252,8281,8285,8313,8337-8338,8342,8398,8414,8532-8535,8548-8549,8557,8565,8570,8574-8577,8582,8586,8600-8602,8619,8647,8655,8745,8758,8870,8894,9039,9120-9121,9147
packages/admin/src/locales/en-GB/messages.po
  s_f7da1a00d7a35d::t_54925ca2956f4e 99,276,281,286,339,343-352,365-368,411-414,429,433,469,616,668,686,690,744,752,785,789,857,861,865,922,927-930,966,972-973,977-978,1016-1033,1076,1085-1086,1150,1239,1298-1299,1359-1360,1382-1385,1391-1394,1404-1405,1473,1479,1499-1507,1536,1595,1642-1645,1647,1652-1653,1688-1689,1693,1703-1705,1752,1758-1759,1795,1818-1821,1869-1870,1889,1901,1921,1925,1964,2002,2010,2070,2079,2230,2280,2378-2379,2395,2444,2479,2513,2521,2542-2543,2586,2590,2596,2647,2695,2704,2712,2720-2725,2769,2778,2802,2860-2863,2872,2900-2903,2950,2993,3090,3094,3199,3211,3240,3297,3335,3339-3342,3367,3380,3384,3433,3441,3491,3495,3499,3516,3548-3549,3569,3591,3660,3672-3673,3711,3732-3734,3753,3784,3788,3792,3817,3842,3846,3850,3854,3941-3943,3947,3955-3958,3988,4031,4069,4082,4104,4110,4116,4122,4128,4134,4152,4193,4201-4202,4233,4276,4391,4401,4405,4409,4413,4417,4421,4425,4429,4433,4437-4438,4450,4454,4458-4459,4463,4562-4563,4568,4624,4661,4711-4714,4765,4786,4792,4808-4809,4817,4867,4869,4985,4989,5054-5055,5063,5085,5097,5194,5289,5293,5342,5459-5460,5561-5564,5581,5603-5604,5621,5625,5679,5691,5780-5781,5850,5868-5871,5926,6256,6309,6318,6334-6337,6348-6349,6431,6481,6491,6493,6541,6546-6547,6673,6711,6716-6724,6729,6842,6891,6931,7015,7063,7107,7121,7125,7137,7141,7145,7270,7279,7306,7311,7590,7594,7615,7631,7635,7639,7684,7702,7719-7720,7752-7753,7774,7778,7810,7814,7887,7924,7953,7961,7986,7994,8007,8061,8065,8069,8125,8160,8219,8252,8281,8285,8313,8337-8338,8342,8398,8414,8532-8535,8548-8549,8557,8565,8570,8574-8577,8582,8586,8600-8602,8619,8647,8655,8745,8758,8870,8894,9039,9120-9121,9147
packages/admin/src/locales/en/messages.po
  s_f7da1a00d7a35d::t_bfdbf621010647 99,276,281,286,339,343-352,365-368,411-414,429,433,469,616,668,686,690,744,752,785,789,857,861,865,922,927-930,966,972-973,977-978,1016-1033,1076,1085-1086,1150,1239,1298-1299,1359-1360,1382-1385,1391-1394,1404-1405,1473,1479,1499-1507,1536,1595,1642-1645,1647,1652-1653,1688-1689,1693,1703-1705,1752,1758-1759,1795,1818-1821,1869-1870,1889,1901,1921,1925,1964,2002,2010,2070,2079,2230,2280,2378-2379,2395,2444,2479,2513,2521,2542-2543,2586,2590,2596,2647,2695,2704,2712,2720-2725,2769,2778,2802,2860-2863,2872,2900-2903,2950,2993,3090,3094,3199,3211,3240,3297,3335,3339-3342,3367,3380,3384,3433,3441,3491,3495,3499,3516,3548-3549,3569,3591,3660,3672-3673,3711,3732-3734,3753,3784,3788,3792,3817,3842,3846,3850,3854,3941-3943,3947,3955-3958,3988,4031,4069,4082,4104,4110,4116,4122,4128,4134,4152,4193,4201-4202,4233,4276,4391,4401,4405,4409,4413,4417,4421,4425,4429,4433,4437-4438,4450,4454,4458-4459,4463,4562-4563,4568,4624,4661,4711-4714,4765,4786,4792,4808-4809,4817,4867,4869,4985,4989,5054-5055,5063,5085,5097,5194,5289,5293,5342,5459-5460,5561-5564,5581,5603-5604,5621,5625,5679,5691,5780-5781,5850,5868-5871,5926,6256,6309,6318,6334-6337,6348-6349,6431,6481,6491,6493,6541,6546-6547,6673,6711,6716-6724,6729,6842,6891,6931,7015,7063,7107,7121,7125,7137,7141,7145,7270,7279,7306,7311,7590,7594,7615,7631,7635,7639,7684,7702,7719-7720,7752-7753,7774,7778,7810,7814,7887,7924,7953,7961,7986,7994,8007,8061,8065,8069,8125,8160,8219,8252,8281,8285,8313,8337-8338,8342,8398,8414,8532-8535,8548-8549,8557,8565,8570,8574-8577,8582,8586,8600-8602,8619,8647,8655,8745,8758,8870,8894,9039,9120-9121,9147
packages/admin/src/locales/es-419/messages.po
  s_f7da1a00d7a35d::t_176d21fc87e59c 99,276,281,286,339,343-352,365-368,411-414,429,433,469,616,668,686,690,744,752,785,789,857,861,865,922,927-930,966,972-973,977-978,1016-1033,1076,1085-1086,1150,1239,1298-1299,1359-1360,1382-1385,1391-1394,1404-1405,1473,1479,1499-1507,1536,1595,1642-1645,1647,1652-1653,1688-1689,1693,1703-1705,1752,1758-1759,1795,1818-1821,1869-1870,1889,1901,1921,1925,1964,2002,2010,2070,2079,2230,2280,2378-2379,2395,2444,2479,2513,2521,2542-2543,2586,2590,2596,2647,2695,2704,2712,2720-2725,2769,2778,2802,2860-2863,2872,2900-2903,2950,2993,3090,3094,3199,3211,3240,3297,3335,3339-3342,3367,3380,3384,3433,3441,3491,3495,3499,3516,3548-3549,3569,3591,3660,3672-3673,3711,3732-3734,3753,3784,3788,3792,3817,3842,3846,3850,3854,3941-3943,3947,3955-3958,3988,4031,4069,4082,4104,4110,4116,4122,4128,4134,4152,4193,4201-4202,4233,4276,4391,4401,4405,4409,4413,4417,4421,4425,4429,4433,4437-4438,4450,4454,4458-4459,4463,4562-4563,4568,4624,4661,4711-4714,4765,4786,4792,4808-4809,4817,4867,4869,4985,4989,5054-5055,5063,5085,5097,5194,5289,5293,5342,5459-5460,5561-5564,5581,5603-5604,5621,5625,5679,5691,5780-5781,5850,5868-5871,5926,6256,6309,6318,6334-6337,6348-6349,6431,6481,6491,6493,6541,6546-6547,6673,6711,6716-6724,6729,6842,6891,6931,7015,7063,7107,7121,7125,7137,7141,7145,7270,7279,7306,7311,7590,7594,7615,7631,7635,7639,7684,7702,7719-7720,7752-7753,7774,7778,7810,7814,7887,7924,7953,7961,7986,7994,8007,8061,8065,8069,8125,8160,8219,8252,8281,8285,8313,8337-8338,8342,8398,8414,8532-8535,8548-8549,8557,8565,8570,8574-8577,8582,8586,8600-8602,8619,8647,8655,8745,8758,8870,8894,9039,9120-9121,9147
packages/admin/src/locales/es-ES/messages.po
  s_f7da1a00d7a35d::t_fbaa19ee7093b0 99,276,281,286,339,343-352,365-368,411-414,429,433,469,616,668,686,690,744,752,785,789,857,861,865,922,927-930,966,972-973,977-978,1016-1033,1076,1085-1086,1150,1239,1298-1299,1359-1360,1382-1385,1391-1394,1404-1405,1473,1479,1499-1507,1536,1595,1642-1645,1647,1652-1653,1688-1689,1693,1703-1705,1752,1758-1759,1795,1818-1821,1869-1870,1889,1901,1921,1925,1964,2002,2010,2070,2079,2230,2280,2378-2379,2395,2444,2479,2513,2521,2542-2543,2586,2590,2596,2647,2695,2704,2712,2720-2725,2769,2778,2802,2860-2863,2872,2900-2903,2950,2993,3087,3091,3196,3208,3237,3294,3332,3336-3339,3364,3377,3381,3430,3438,3488,3492,3496,3513,3545-3546,3566,3588,3657,3669-3670,3708,3729-3731,3750,3781,3785,3789,3814,3839,3843,3847,3851,3938-3940,3944,3952-3955,3985,4028,4066,4079,4101,4107,4113,4119,4125,4131,4149,4190,4198-4199,4230,4273,4388,4398,4402,4406,4410,4414,4418,4422,4426,4430,4434-4435,4447,4451,4455-4456,4460,4559-4560,4565,4621,4658,4708-4711,4762,4783,4789,4805-4806,4814,4864,4866,4982,4986,5051-5052,5060,5082,5094,5191,5286,5290,5339,5456-5457,5558-5561,5578,5600-5601,5618,5622,5676,5688,5777-5778,5847,5865-5868,5923,6253,6306,6315,6331-6334,6345-6346,6428,6478,6488,6490,6538,6543-6544,6670,6708,6713-6721,6726,6839,6888,6928,7012,7060,7104,7118,7122,7134,7138,7142,7267,7276,7303,7308,7587,7591,7612,7628,7632,7636,7681,7699,7716-7717,7749-7750,7771,7775,7807,7811,7884,7921,7950,7958,7983,7991,8004,8058,8062,8066,8122,8157,8216,8249,8278,8282,8310,8334-8335,8339,8395,8411,8529-8532,8545-8546,8554,8562,8567,8571-8574,8579,8583,8597-8599,8616,8644,8652,8742,8755,8867,8891,9036,9117-9118,9144
packages/admin/src/locales/eu/messages.po
  s_f7da1a00d7a35d::t_b61128d95f88ca 99,276,281,286,339,343-352,365-368,411-414,429,433,469,616,668,686,690,744,752,785,789,857,861,865,922,927-930,966,972-973,977-978,1016-1033,1076,1085-1086,1150,1239,1298-1299,1359-1360,1382-1385,1391-1394,1404-1405,1473,1479,1499-1507,1536,1595,1642-1645,1647,1652-1653,1688-1689,1693,1703-1705,1752,1758-1759,1795,1818-1821,1869-1870,1889,1901,1921,1925,1964,2002,2010,2070,2079,2230,2280,2378-2379,2395,2444,2479,2513,2521,2542-2543,2586,2590,2596,2647,2695,2704,2712,2720-2725,2769,2778,2802,2860-2863,2872,2900-2903,2950,2993,3087,3091,3196,3208,3237,3294,3332,3336-3339,3364,3377,3381,3430,3438,3488,3492,3496,3513,3545-3546,3566,3588,3657,3669-3670,3708,3729-3731,3750,3781,3785,3789,3814,3839,3843,3847,3851,3938-3940,3944,3952-3955,3985,4028,4066,4079,4101,4107,4113,4119,4125,4131,4149,4190,4198-4199,4230,4273,4388,4398,4402,4406,4410,4414,4418,4422,4426,4430,4434-4435,4447,4451,4455-4456,4460,4559-4560,4565,4621,4658,4708-4711,4762,4783,4789,4805-4806,4814,4864,4866,4982,4986,5051-5052,5060,5082,5094,5191,5286,5290,5339,5456-5457,5558-5561,5578,5600-5601,5618,5622,5676,5688,5777-5778,5844,5862-5865,5920,6250,6303,6312,6328-6331,6342-6343,6425,6475,6485,6487,6535,6540-6541,6667,6705,6710-6718,6723,6836,6885,6925,7009,7057,7101,7115,7119,7131,7135,7139,7264,7273,7300,7305,7584,7588,7609,7625,7629,7633,7678,7696,7713-7714,7746-7747,7768,7772,7804,7808,7881,7918,7947,7955,7980,7988,8001,8055,8059,8063,8119,8154,8213,8246,8275,8279,8307,8331-8332,8336,8392,8408,8526-8529,8542-8543,8551,8559,8564,8568-8571,8576,8580,8594-8596,8613,8641,8649,8739,8752,8864,8888,9033,9114-9115,9141
packages/admin/src/locales/fa/messages.po
  s_f7da1a00d7a35d::t_48f4a07e930ad8 101,278,283,288,341,345-354,367-370,413-416,431,435,471,618,670,688,692,746,754,787,791,859,863,867,924,929-932,968,974-975,979-980,1018-1035,1078,1087-1088,1152,1241,1300-1301,1361-1362,1384-1387,1393-1396,1406-1407,1475,1481,1501-1509,1538,1597,1644-1647,1649,1654-1655,1690-1691,1695,1705-1707,1754,1760-1761,1797,1820-1823,1871-1872,1891,1903,1923,1927,1966,2004,2012,2072,2081,2232,2282,2380-2381,2397,2446,2481,2515,2523,2544-2545,2588,2592,2598,2649,2697,2706,2714,2722-2727,2771,2780,2804,2862-2865,2874,2902-2905,2952,2995,3089,3093,3198,3210,3239,3296,3334,3338-3341,3366,3379,3383,3432,3440,3490,3494,3498,3515,3547-3548,3568,3590,3659,3671-3672,3710,3731-3733,3752,3783,3787,3791,3816,3841,3845,3849,3853,3940-3942,3946,3954-3957,3987,4030,4068,4081,4103,4109,4115,4121,4127,4133,4151,4192,4200-4201,4232,4275,4390,4400,4404,4408,4412,4416,4420,4424,4428,4432,4436-4437,4449,4453,4457-4458,4462,4561-4562,4567,4623,4660,4710-4713,4764,4785,4791,4807-4808,4816,4866,4868,4984,4988,5053-5054,5062,5084,5096,5193,5288,5292,5341,5458-5459,5560-5563,5580,5602-5603,5620,5624,5678,5690,5779-5780,5846,5864-5867,5922,6252,6305,6314,6330-6333,6344-6345,6427,6477,6487,6489,6537,6542-6543,6669,6707,6712-6720,6725,6838,6887,6927,7011,7059,7103,7117,7121,7133,7137,7141,7266,7275,7302,7307,7586,7590,7611,7627,7631,7635,7680,7698,7715-7716,7748-7749,7770,7774,7806,7810,7883,7920,7949,7957,7982,7990,8003,8057,8061,8065,8121,8156,8215,8248,8277,8281,8309,8333-8334,8338,8394,8410,8528-8531,8544-8545,8553,8561,8566,8570-8573,8578,8582,8596-8598,8615,8643,8651,8741,8754,8866,8890,9035,9116-9117,9143
packages/admin/src/locales/fr/messages.po
  s_f7da1a00d7a35d::t_1a6bb3e86db2f8 86,99,276,281,286,339,343-352,365-368,411-414,429,433,469,616,668,686,690,722,744,752,785,789,857,861,865,886,922,927-930,962,966,972-973,977-978,1016-1033,1076,1085-1086,1150,1239,1298-1299,1359-1360,1382-1385,1391-1394,1404-1405,1412,1416,1424,1473,1479,1499-1507,1536,1595,1642-1645,1647,1652-1653,1688-1689,1693,1703-1705,1752,1758-1759,1795,1818-1821,1869-1870,1889,1901,1921,1925,1964,2002,2010,2028,2040,2070,2079,2095,2230,2280,2361,2378-2379,2395,2438,2442,2444,2479,2513,2521,2537,2542-2543,2586,2590,2596,2647,2695,2704,2712,2720-2725,2769,2778,2802,2860-2863,2872,2900-2903,2950,2974,2978,2993,3090,3094,3199,3211,3240,3297,3312,3316,3335,3339-3342,3356,3360,3367,3380,3384,3433,3441,3491,3495,3499,3516,3548-3549,3569,3589,3591,3607,3660,3672-3673,3679,3696,3711,3732-3734,3753,3784,3788,3792,3807,3811,3817,3842,3846,3850,3854,3941-3943,3947,3955-3958,3965,3988,3995,4031,4069,4082,4096,4104,4110,4116,4122,4128,4134,4152,4193,4201-4202,4233,4276,4376,4391,4401,4405,4409,4413,4417,4421,4425,4429,4433,4437-4438,4450,4454,4458-4459,4463,4562-4563,4568,4621,4624,4661,4711-4714,4765,4786,4792,4798,4808-4809,4817,4867,4869,4962,4985,4989,5054-5055,5063,5085,5097,5194,5289,5293,5342,5365,5459-5460,5474,5478,5482,5486,5491,5495,5561-5564,5581,5601,5603-5604,5621,5625,5679,5691,5780-5781,5850,5868-5871,5920,5926,6256,6309,6318,6334-6337,6340,6348-6349,6431,6481,6491,6493,6541,6546-6547,6673,6711,6716-6724,6729,6842,6891,6931,7015,7028,7032,7036,7063,7107,7121,7125,7137,7141,7145,7270,7279,7306,7311,7455,7590,7594,7615,7631,7635,7639,7684,7702,7719-7720,7750,7752-7753,7774,7778,7810,7814,7887,7924,7953,7961,7986,7994,8007,8058,8061,8065,8069,8125,8160,8219,8252,8281,8285,8313,8337-8338,8342,8398,8414,8446,8532-8535,8548-8549,8557,8565,8570,8574-8577,8582,8586,8600-8602,8619,8647,8655,8745,8758,8870,8894,9037,9039,9120-9121,9147
packages/admin/src/locales/hi/messages.po
  s_f7da1a00d7a35d::t_b8afc561397822 99,276,281,286,339,343-352,365-368,411-414,429,433,469,616,668,686,690,744,752,785,789,857,861,865,922,927-930,966,972-973,977-978,1016-1033,1076,1085-1086,1150,1239,1298-1299,1359-1360,1382-1385,1391-1394,1404-1405,1473,1479,1499-1507,1536,1595,1642-1645,1647,1652-1653,1688-1689,1693,1703-1705,1752,1758-1759,1795,1818-1821,1869-1870,1889,1901,1921,1925,1964,2002,2010,2070,2079,2230,2280,2378-2379,2395,2444,2479,2513,2521,2542-2543,2586,2590,2596,2647,2695,2704,2712,2720-2725,2769,2778,2802,2860-2863,2872,2900-2903,2950,2993,3090,3094,3199,3211,3240,3297,3335,3339-3342,3367,3380,3384,3433,3441,3491,3495,3499,3516,3548-3549,3569,3591,3660,3672-3673,3711,3732-3734,3753,3784,3788,3792,3817,3842,3846,3850,3854,3941-3943,3947,3955-3958,3988,4031,4069,4082,4104,4110,4116,4122,4128,4134,4152,4193,4201-4202,4233,4276,4391,4401,4405,4409,4413,4417,4421,4425,4429,4433,4437-4438,4450,4454,4458-4459,4463,4562-4563,4568,4624,4661,4711-4714,4765,4786,4792,4808-4809,4817,4867,4869,4985,4989,5054-5055,5063,5085,5097,5194,5289,5293,5342,5459-5460,5561-5564,5581,5603-5604,5621,5625,5679,5691,5780-5781,5850,5868-5871,5926,6256,6309,6318,6334-6337,6348-6349,6431,6481,6491,6493,6541,6546-6547,6673,6711,6716-6724,6729,6842,6891,6931,7015,7063,7107,7121,7125,7137,7141,7145,7270,7279,7306,7311,7590,7594,7615,7631,7635,7639,7684,7702,7719-7720,7752-7753,7774,7778,7810,7814,7887,7924,7953,7961,7986,7994,8007,8061,8065,8069,8125,8160,8219,8252,8281,8285,8313,8337-8338,8342,8398,8414,8532-8535,8548-8549,8557,8565,8570,8574-8577,8582,8586,8600-8602,8619,8647,8655,8745,8758,8870,8894,9039,9120-9121,9147
packages/admin/src/locales/hu/messages.po
  s_f7da1a00d7a35d::t_57bf24cadb40b2 99,276,281,286,339,343-352,365-368,411-414,429,433,469,616,668,686,690,744,752,785,789,857,861,865,922,927-930,966,972-973,977-978,1016-1033,1076,1085-1086,1150,1239,1298-1299,1359-1360,1382-1385,1391-1394,1404-1405,1473,1479,1499-1507,1536,1595,1642-1645,1647,1652-1653,1688-1689,1693,1703-1705,1752,1758-1759,1795,1818-1821,1869-1870,1889,1901,1921,1925,1964,2002,2010,2070,2079,2230,2280,2378-2379,2395,2444,2479,2513,2521,2542-2543,2586,2590,2596,2647,2695,2704,2712,2720-2725,2769,2778,2802,2860-2863,2872,2900-2903,2950,2993,3090,3094,3199,3211,3240,3297,3335,3339-3342,3367,3380,3384,3433,3441,3491,3495,3499,3516,3548-3549,3569,3591,3660,3672-3673,3711,3732-3734,3753,3784,3788,3792,3817,3842,3846,3850,3854,3941-3943,3947,3955-3958,3988,4031,4069,4082,4104,4110,4116,4122,4128,4134,4152,4193,4201-4202,4233,4276,4391,4401,4405,4409,4413,4417,4421,4425,4429,4433,4437-4438,4450,4454,4458-4459,4463,4562-4563,4568,4624,4661,4711-4714,4765,4786,4792,4808-4809,4817,4867,4869,4985,4989,5054-5055,5063,5085,5097,5194,5289,5293,5342,5459-5460,5561-5564,5581,5603-5604,5621,5625,5679,5691,5780-5781,5850,5868-5871,5926,6256,6309,6318,6334-6337,6348-6349,6431,6481,6491,6493,6541,6546-6547,6673,6711,6716-6724,6729,6842,6891,6931,7015,7063,7107,7121,7125,7137,7141,7145,7270,7279,7306,7311,7590,7594,7615,7631,7635,7639,7684,7702,7719-7720,7752-7753,7774,7778,7810,7814,7887,7924,7953,7961,7986,7994,8007,8061,8065,8069,8125,8160,8219,8252,8281,8285,8313,8337-8338,8342,8398,8414,8532-8535,8548-8549,8557,8565,8570,8574-8577,8582,8586,8600-8602,8619,8647,8655,8745,8758,8870,8894,9039,9120-9121,9147
packages/admin/src/locales/id/messages.po
  s_f7da1a00d7a35d::t_739a92f54f6a3e 86,99,121,133,227,237,276,281,286,339,341-350,365-368,405,409-412,427,429,431,433,469,471,598,616,668,686,690,738,742,744,752,785,789,846,851,855,857,861,865,922,927-930,933,962,966,972-973,977-978,1016-1033,1076,1085-1086,1150,1239,1246,1298-1299,1359-1360,1382-1385,1391-1394,1404-1405,1473,1479,1499-1507,1536,1595,1642-1645,1647,1652-1653,1659,1663,1688-1689,1693,1703-1705,1741,1752,1758-1759,1793,1795,1818-1821,1863,1869-1870,1889,1901,1911,1915,1921,1925,1964,1966,2002,2010,2012,2068,2070,2079,2230,2266,2280,2378-2379,2395,2444,2468,2479,2513,2521,2542-2543,2586,2590,2596,2617,2647,2661,2695,2704,2712,2720-2722,2725-2728,2769,2778,2802,2860-2863,2872,2886,2900-2903,2950,2966,2991,2993,3090,3094,3108,3128,3199,3211,3226,3230,3240,3297,3335,3339-3342,3367,3380,3384,3433,3441,3491,3495,3499,3510,3516,3548-3549,3569,3591,3628,3660,3672-3673,3700,3711,3732-3734,3753,3784,3788,3792,3817,3828,3832,3842,3846,3850,3854,3941-3943,3947,3955-3958,3965,3988,4031,4033,4038,4069,4082,4104,4110,4116,4122,4128,4134,4152,4193,4201-4202,4233,4240,4276,4376,4391,4401,4405,4409,4413,4417,4421,4425,4429,4431,4433,4437-4438,4450,4452,4454,4456,4458-4459,4463,4556,4560,4562-4563,4568,4624,4661,4711-4714,4765,4786,4792,4794,4808-4809,4817,4867,4869,4888,4985,4989,5054-5055,5063,5085,5097,5194,5196,5220,5243,5248,5253,5258,5289,5293,5342,5361,5459-5460,5474,5478,5523,5561-5564,5571,5581,5603-5604,5621,5625,5679,5691,5764,5780-5781,5843,5850,5868-5871,5926,6113,6138,6142,6146,6162,6166,6185,6256,6303,6309,6318,6334-6337,6348-6349,6431,6481,6491,6493,6509,6534,6541,6546-6547,6588,6593,6605,6610,6636,6673,6675,6711,6716-6724,6729,6760,6794,6813,6820,6842,6891,6931,6942,7015,7036,7063,7101,7107,7121,7125,7137,7141,7145,7270,7272,7279,7306,7311,7317,7590,7594,7615,7631,7635,7637,7639,7641,7684,7702,7719-7720,7752-7753,7774,7776,7778,7780,7810,7814,7887,7924,7953,7961,7980,7986,7988,7994,7996,8007,8017,8038,8061,8063,8065,8069,8125,8160,8219,8252,8281,8285,8313,8337-8338,8342,8396,8398,8408,8414,8446,8458,8532-8535,8548-8549,8557,8565,8570,8574-8577,8582,8586,8600-8602,8619,8647,8655,8745,8758,8870,8894,8946,9039,9120-9121,9147
packages/admin/src/locales/ja/messages.po
  s_f7da1a00d7a35d::t_a54abd45789100 99,276,281,286,339,343-352,365-368,411-414,429,433,469,616,668,686,690,744,752,785,789,857,861,865,922,927-930,966,972-973,977-978,1016-1033,1076,1085-1086,1150,1239,1298-1299,1359-1360,1382-1385,1391-1394,1404-1405,1473,1479,1499-1507,1536,1595,1642-1645,1647,1652-1653,1688-1689,1693,1703-1705,1752,1758-1759,1795,1818-1821,1869-1870,1889,1901,1921,1925,1964,2002,2010,2070,2079,2230,2280,2378-2379,2395,2444,2479,2513,2521,2542-2543,2586,2590,2596,2647,2695,2704,2712,2720-2725,2769,2778,2802,2860-2863,2872,2900-2903,2950,2993,3087,3091,3196,3208,3237,3294,3332,3336-3339,3364,3377,3381,3430,3438,3488,3492,3496,3513,3545-3546,3566,3588,3657,3669-3670,3708,3729-3731,3750,3781,3785,3789,3814,3839,3843,3847,3851,3938-3940,3944,3952-3955,3985,4028,4066,4079,4101,4107,4113,4119,4125,4131,4149,4190,4198-4199,4230,4273,4388,4398,4402,4406,4410,4414,4418,4422,4426,4430,4434-4435,4447,4451,4455-4456,4460,4559-4560,4565,4621,4658,4708-4711,4762,4783,4789,4805-4806,4814,4864,4866,4982,4986,5051-5052,5060,5082,5094,5191,5286,5290,5339,5456-5457,5558-5561,5578,5600-5601,5618,5622,5676,5688,5777-5778,5844,5862-5865,5920,6250,6303,6312,6328-6331,6342-6343,6425,6475,6485,6487,6535,6540-6541,6667,6705,6710-6718,6723,6836,6885,6925,7009,7057,7101,7115,7119,7131,7135,7139,7264,7273,7300,7305,7584,7588,7609,7625,7629,7633,7678,7696,7713-7714,7746-7747,7768,7772,7804,7808,7881,7918,7947,7955,7980,7988,8001,8055,8059,8063,8119,8154,8213,8246,8275,8279,8307,8331-8332,8336,8392,8408,8526-8529,8542-8543,8551,8559,8564,8568-8571,8576,8580,8594-8596,8613,8641,8649,8739,8752,8864,8888,9033,9114-9115,9141
packages/admin/src/locales/ko/messages.po
  s_f7da1a00d7a35d::t_f62f9cb617b88f 99,276,281,286,339,343-352,365-368,411-414,429,433,469,616,668,686,690,744,752,785,789,857,861,865,922,927-930,966,972-973,977-978,1016-1033,1076,1085-1086,1150,1239,1298-1299,1359-1360,1382-1385,1391-1394,1404-1405,1473,1479,1499-1507,1536,1595,1642-1645,1647,1652-1653,1688-1689,1693,1703-1705,1752,1758-1759,1795,1818-1821,1869-1870,1889,1901,1921,1925,1964,2002,2010,2070,2079,2230,2280,2378-2379,2395,2444,2479,2513,2521,2542-2543,2586,2590,2596,2647,2695,2704,2712,2720-2725,2769,2778,2802,2860-2863,2872,2900-2903,2950,2993,3087,3091,3196,3208,3237,3294,3332,3336-3339,3364,3377,3381,3430,3438,3488,3492,3496,3513,3545-3546,3566,3588,3657,3669-3670,3708,3729-3731,3750,3781,3785,3789,3814,3839,3843,3847,3851,3938-3940,3944,3952-3955,3985,4028,4066,4079,4101,4107,4113,4119,4125,4131,4149,4190,4198-4199,4230,4273,4388,4398,4402,4406,4410,4414,4418,4422,4426,4430,4434-4435,4447,4451,4455-4456,4460,4559-4560,4565,4621,4658,4708-4711,4762,4783,4789,4805-4806,4814,4864,4866,4982,4986,5051-5052,5060,5082,5094,5191,5286,5290,5339,5456-5457,5558-5561,5578,5600-5601,5618,5622,5676,5688,5777-5778,5844,5862-5865,5920,6250,6303,6312,6328-6331,6342-6343,6425,6475,6485,6487,6535,6540-6541,6667,6705,6710-6718,6723,6836,6885,6925,7009,7057,7101,7115,7119,7131,7135,7139,7264,7273,7300,7305,7584,7588,7609,7625,7629,7633,7678,7696,7713-7714,7746-7747,7768,7772,7804,7808,7881,7918,7947,7955,7980,7988,8001,8055,8059,8063,8119,8154,8213,8246,8275,8279,8307,8331-8332,8336,8392,8408,8526-8529,8542-8543,8551,8559,8564,8568-8571,8576,8580,8594-8596,8613,8641,8649,8739,8752,8864,8888,9033,9114-9115,9141
packages/admin/src/locales/nb/messages.po
  s_f7da1a00d7a35d::t_59d8b3ec011400 99,276,281,286,339,343-352,365-368,411-414,429,433,469,616,668,686,690,744,752,785,789,857,861,865,922,927-930,966,972-973,977-978,1016-1033,1076,1085-1086,1150,1239,1298-1299,1359-1360,1382-1385,1391-1394,1404-1405,1473,1479,1499-1507,1536,1595,1642-1645,1647,1652-1653,1688-1689,1693,1703-1705,1752,1758-1759,1795,1818-1821,1869-1870,1889,1901,1921,1925,1964,2002,2010,2070,2079,2230,2280,2378-2379,2395,2444,2479,2513,2521,2542-2543,2586,2590,2596,2647,2695,2704,2712,2720-2725,2769,2778,2802,2860-2863,2872,2900-2903,2950,2993,3090,3094,3199,3211,3240,3297,3335,3339-3342,3367,3380,3384,3433,3441,3491,3495,3499,3516,3548-3549,3569,3591,3660,3672-3673,3711,3732-3734,3753,3784,3788,3792,3817,3842,3846,3850,3854,3941-3943,3947,3955-3958,3988,4031,4069,4082,4104,4110,4116,4122,4128,4134,4152,4193,4201-4202,4233,4276,4391,4401,4405,4409,4413,4417,4421,4425,4429,4433,4437-4438,4450,4454,4458-4459,4463,4562-4563,4568,4624,4661,4711-4714,4765,4786,4792,4808-4809,4817,4867,4869,4985,4989,5054-5055,5063,5085,5097,5194,5289,5293,5342,5459-5460,5561-5564,5581,5603-5604,5621,5625,5679,5691,5780-5781,5850,5868-5871,5926,6256,6309,6318,6334-6337,6348-6349,6431,6481,6491,6493,6541,6546-6547,6673,6711,6716-6724,6729,6842,6891,6931,7015,7063,7107,7121,7125,7137,7141,7145,7270,7279,7306,7311,7590,7594,7615,7631,7635,7639,7684,7702,7719-7720,7752-7753,7774,7778,7810,7814,7887,7924,7953,7961,7986,7994,8007,8061,8065,8069,8125,8160,8219,8252,8281,8285,8313,8337-8338,8342,8398,8414,8532-8535,8548-8549,8557,8565,8570,8574-8577,8582,8586,8600-8602,8619,8647,8655,8745,8758,8870,8894,9039,9120-9121,9147
packages/admin/src/locales/nl/messages.po
  s_f7da1a00d7a35d::t_252eb744eb511e 99,276,281,286,339,343-352,365-368,411-414,429,433,469,616,668,686,690,744,752,785,789,857,861,865,922,927-930,966,972-973,977-978,1016-1033,1076,1085-1086,1150,1239,1298-1299,1359-1360,1382-1385,1391-1394,1404-1405,1473,1479,1499-1507,1536,1595,1642-1645,1647,1652-1653,1688-1689,1693,1703-1705,1752,1758-1759,1795,1818-1821,1869-1870,1889,1901,1921,1925,1964,2002,2010,2070,2079,2230,2280,2378-2379,2395,2444,2479,2513,2521,2542-2543,2586,2590,2596,2647,2695,2704,2712,2720-2725,2769,2778,2802,2860-2863,2872,2900-2903,2950,2993,3090,3094,3199,3211,3240,3297,3335,3339-3342,3367,3380,3384,3433,3441,3491,3495,3499,3516,3548-3549,3569,3591,3660,3672-3673,3711,3732-3734,3753,3784,3788,3792,3817,3842,3846,3850,3854,3941-3943,3947,3955-3958,3988,4031,4069,4082,4104,4110,4116,4122,4128,4134,4152,4193,4201-4202,4233,4276,4391,4401,4405,4409,4413,4417,4421,4425,4429,4433,4437-4438,4450,4454,4458-4459,4463,4562-4563,4568,4624,4661,4711-4714,4765,4786,4792,4808-4809,4817,4867,4869,4985,4989,5054-5055,5063,5085,5097,5194,5289,5293,5342,5459-5460,5561-5564,5581,5603-5604,5621,5625,5679,5691,5780-5781,5850,5868-5871,5926,6256,6309,6318,6334-6337,6348-6349,6431,6481,6491,6493,6541,6546-6547,6673,6711,6716-6724,6729,6842,6891,6931,7015,7063,7107,7121,7125,7137,7141,7145,7270,7279,7306,7311,7590,7594,7615,7631,7635,7639,7684,7702,7719-7720,7752-7753,7774,7778,7810,7814,7887,7924,7953,7961,7986,7994,8007,8061,8065,8069,8125,8160,8219,8252,8281,8285,8313,8337-8338,8342,8398,8414,8532-8535,8548-8549,8557,8565,8570,8574-8577,8582,8586,8600-8602,8619,8647,8655,8745,8758,8870,8894,9039,9120-9121,9147
packages/admin/src/locales/pl/messages.po
  s_f7da1a00d7a35d::t_e7e0d986180feb 99,276,281,286,339,343-352,365-368,411-414,429,433,469,616,668,686,690,744,752,785,789,857,861,865,922,927-930,966,972-973,977-978,1016-1033,1076,1085-1086,1150,1239,1298-1299,1359-1360,1382-1385,1391-1394,1404-1405,1473,1479,1499-1507,1536,1595,1642-1645,1647,1652-1653,1688-1689,1693,1703-1705,1752,1758-1759,1795,1818-1821,1869-1870,1889,1901,1921,1925,1964,2002,2010,2070,2079,2230,2280,2378-2379,2395,2444,2479,2513,2521,2542-2543,2586,2590,2596,2647,2695,2704,2712,2720-2725,2769,2778,2802,2860-2863,2872,2900-2903,2950,2993,3087,3091,3196,3208,3237,3294,3332,3336-3339,3364,3377,3381,3430,3438,3488,3492,3496,3513,3545-3546,3566,3588,3657,3669-3670,3708,3729-3731,3750,3781,3785,3789,3814,3839,3843,3847,3851,3938-3940,3944,3952-3955,3985,4028,4066,4079,4101,4107,4113,4119,4125,4131,4149,4190,4198-4199,4230,4273,4388,4398,4402,4406,4410,4414,4418,4422,4426,4430,4434-4435,4447,4451,4455-4456,4460,4559-4560,4565,4621,4658,4708-4711,4762,4783,4789,4805-4806,4814,4864,4866,4982,4986,5051-5052,5060,5082,5094,5191,5286,5290,5339,5456-5457,5558-5561,5578,5600-5601,5618,5622,5676,5688,5777-5778,5844,5862-5865,5920,6250,6303,6312,6328-6331,6342-6343,6425,6475,6485,6487,6535,6540-6541,6667,6705,6710-6718,6723,6836,6885,6925,7009,7057,7101,7115,7119,7131,7135,7139,7264,7273,7300,7305,7584,7588,7609,7625,7629,7633,7678,7696,7713-7714,7746-7747,7768,7772,7804,7808,7881,7918,7947,7955,7980,7988,8001,8055,8059,8063,8119,8154,8213,8246,8275,8279,8307,8331-8332,8336,8392,8408,8526-8529,8542-8543,8551,8559,8564,8568-8571,8576,8580,8594-8596,8613,8641,8649,8739,8752,8864,8888,9033,9114-9115,9141
packages/admin/src/locales/pseudo/messages.po
  s_f7da1a00d7a35d::t_19b328b74dee66 99,276,281,286,339,343-352,365-368,411-414,429,433,469,616,668,686,690,744,752,785,789,857,861,865,922,927-930,966,972-973,977-978,1016-1033,1076,1085-1086,1150,1239,1298-1299,1359-1360,1382-1385,1391-1394,1404-1405,1473,1479,1499-1507,1536,1595,1642-1645,1647,1652-1653,1688-1689,1693,1703-1705,1752,1758-1759,1795,1818-1821,1869-1870,1889,1901,1921,1925,1964,2002,2010,2070,2079,2230,2280,2378-2379,2395,2444,2479,2513,2521,2542-2543,2586,2590,2596,2647,2695,2704,2712,2720-2725,2769,2778,2802,2860-2863,2872,2900-2903,2950,2993,3087,3091,3196,3208,3237,3294,3332,3336-3339,3364,3377,3381,3430,3438,3488,3492,3496,3513,3545-3546,3566,3588,3657,3669-3670,3708,3729-3731,3750,3781,3785,3789,3814,3839,3843,3847,3851,3938-3940,3944,3952-3955,3985,4028,4066,4079,4101,4107,4113,4119,4125,4131,4149,4190,4198-4199,4230,4273,4388,4398,4402,4406,4410,4414,4418,4422,4426,4430,4434-4435,4447,4451,4455-4456,4460,4559-4560,4565,4621,4658,4708-4711,4762,4783,4789,4805-4806,4814,4864,4866,4982,4986,5051-5052,5060,5082,5094,5191,5286,5290,5339,5456-5457,5558-5561,5578,5600-5601,5618,5622,5676,5688,5777-5778,5844,5862-5865,5920,6250,6303,6312,6328-6331,6342-6343,6425,6475,6485,6487,6535,6540-6541,6667,6705,6710-6718,6723,6836,6885,6925,7009,7057,7101,7115,7119,7131,7135,7139,7264,7273,7300,7305,7584,7588,7609,7625,7629,7633,7678,7696,7713-7714,7746-7747,7768,7772,7804,7808,7881,7918,7947,7955,7980,7988,8001,8055,8059,8063,8119,8154,8213,8246,8275,8279,8307,8331-8332,8336,8392,8408,8526-8529,8542-8543,8551,8559,8564,8568-8571,8576,8580,8594-8596,8613,8641,8649,8739,8752,8864,8888,9033,9114-9115,9141
packages/admin/src/locales/pt-BR/messages.po
  s_f7da1a00d7a35d::t_5113a591a5f082 99,276,281,286,339,343-352,365-368,411-414,429,433,469,616,668,686,690,744,752,785,789,857,861,865,922,927-930,966,972-973,977-978,1016-1033,1076,1085-1086,1150,1239,1298-1299,1359-1360,1382-1385,1391-1394,1404-1405,1473,1479,1499-1507,1536,1595,1642-1645,1647,1652-1653,1688-1689,1693,1703-1705,1752,1758-1759,1795,1818-1821,1869-1870,1889,1901,1921,1925,1964,2002,2010,2070,2079,2230,2280,2378-2379,2395,2444,2479,2513,2521,2542-2543,2586,2590,2596,2647,2695,2704,2712,2720-2725,2769,2778,2802,2860-2863,2872,2900-2903,2950,2993,3087,3091,3196,3208,3237,3294,3332,3336-3339,3364,3377,3381,3430,3438,3488,3492,3496,3513,3545-3546,3566,3588,3657,3669-3670,3708,3729-3731,3750,3781,3785,3789,3814,3839,3843,3847,3851,3938-3940,3944,3952-3955,3985,4028,4066,4079,4101,4107,4113,4119,4125,4131,4149,4190,4198-4199,4230,4273,4388,4398,4402,4406,4410,4414,4418,4422,4426,4430,4434-4435,4447,4451,4455-4456,4460,4559-4560,4565,4621,4658,4708-4711,4762,4783,4789,4805-4806,4814,4864,4866,4982,4986,5051-5052,5060,5082,5094,5191,5286,5290,5339,5456-5457,5558-5561,5578,5600-5601,5618,5622,5676,5688,5777-5778,5844,5862-5865,5920,6250,6303,6312,6328-6331,6342-6343,6425,6475,6485,6487,6535,6540-6541,6667,6705,6710-6718,6723,6836,6885,6925,7009,7057,7101,7115,7119,7131,7135,7139,7264,7273,7300,7305,7584,7588,7609,7625,7629,7633,7678,7696,7713-7714,7746-7747,7768,7772,7804,7808,7881,7918,7947,7955,7980,7988,8001,8055,8059,8063,8119,8154,8213,8246,8275,8279,8307,8331-8332,8336,8392,8408,8526-8529,8542-8543,8551,8559,8564,8568-8571,8576,8580,8594-8596,8613,8641,8649,8739,8752,8864,8888,9033,9114-9115,9141
packages/admin/src/locales/sr-Latn/messages.po
  s_f7da1a00d7a35d::t_4a65d0542a1405 99,276,281,286,339,343-352,365-368,411-414,429,433,469,616,668,686,690,744,752,785,789,857,861,865,922,927-930,966,972-973,977-978,1016-1033,1076,1085-1086,1150,1239,1298-1299,1359-1360,1382-1385,1391-1394,1404-1405,1473,1479,1499-1507,1536,1595,1642-1645,1647,1652-1653,1688-1689,1693,1703-1705,1752,1758-1759,1795,1818-1821,1869-1870,1889,1901,1921,1925,1964,2002,2010,2070,2079,2230,2280,2378-2379,2395,2444,2479,2513,2521,2542-2543,2586,2590,2596,2647,2695,2704,2712,2720-2725,2769,2778,2802,2860-2863,2872,2900-2903,2950,2993,3090,3094,3199,3211,3240,3297,3335,3339-3342,3367,3380,3384,3433,3441,3491,3495,3499,3516,3548-3549,3569,3591,3660,3672-3673,3711,3732-3734,3753,3784,3788,3792,3817,3842,3846,3850,3854,3941-3943,3947,3955-3958,3988,4031,4069,4082,4104,4110,4116,4122,4128,4134,4152,4193,4201-4202,4233,4276,4391,4401,4405,4409,4413,4417,4421,4425,4429,4433,4437-4438,4450,4454,4458-4459,4463,4562-4563,4568,4624,4661,4711-4714,4765,4786,4792,4808-4809,4817,4867,4869,4985,4989,5054-5055,5063,5085,5097,5194,5289,5293,5342,5459-5460,5561-5564,5581,5603-5604,5621,5625,5679,5691,5780-5781,5850,5868-5871,5926,6256,6309,6318,6334-6337,6348-6349,6431,6481,6491,6493,6541,6546-6547,6673,6711,6716-6724,6729,6842,6891,6931,7015,7063,7107,7121,7125,7137,7141,7145,7270,7279,7306,7311,7590,7594,7615,7631,7635,7639,7684,7702,7719-7720,7752-7753,7774,7778,7810,7814,7887,7924,7953,7961,7986,7994,8007,8061,8065,8069,8125,8160,8219,8252,8281,8285,8313,8337-8338,8342,8398,8414,8532-8535,8548-8549,8557,8565,8570,8574-8577,8582,8586,8600-8602,8619,8647,8655,8745,8758,8870,8894,9039,9120-9121,9147
packages/admin/src/locales/sv/messages.po
  s_f7da1a00d7a35d::t_28b987a3c9a62b 99,276,281,286,339,343-352,365-368,411-414,429,433,469,616,668,686,690,744,752,785,789,857,861,865,922,927-930,966,972-973,977-978,1016-1033,1076,1085-1086,1150,1239,1298-1299,1359-1360,1382-1385,1391-1394,1404-1405,1473,1479,1499-1507,1536,1595,1642-1645,1647,1652-1653,1688-1689,1693,1703-1705,1752,1758-1759,1795,1818-1821,1869-1870,1889,1901,1921,1925,1964,2002,2010,2070,2079,2230,2280,2378-2379,2395,2444,2479,2513,2521,2542-2543,2586,2590,2596,2647,2695,2704,2712,2720-2725,2769,2778,2802,2860-2863,2872,2900-2903,2950,2993,3090,3094,3199,3211,3240,3297,3335,3339-3342,3367,3380,3384,3433,3441,3491,3495,3499,3516,3548-3549,3569,3591,3660,3672-3673,3711,3732-3734,3753,3784,3788,3792,3817,3842,3846,3850,3854,3941-3943,3947,3955-3958,3988,4031,4069,4082,4104,4110,4116,4122,4128,4134,4152,4193,4201-4202,4233,4276,4391,4401,4405,4409,4413,4417,4421,4425,4429,4433,4437-4438,4450,4454,4458-4459,4463,4562-4563,4568,4624,4661,4711-4714,4765,4786,4792,4808-4809,4817,4867,4869,4985,4989,5054-5055,5063,5085,5097,5194,5289,5293,5342,5459-5460,5561-5564,5581,5603-5604,5621,5625,5679,5691,5780-5781,5850,5868-5871,5926,6256,6309,6318,6334-6337,6348-6349,6431,6481,6491,6493,6541,6546-6547,6673,6711,6716-6724,6729,6842,6891,6931,7015,7063,7107,7121,7125,7137,7141,7145,7270,7279,7306,7311,7590,7594,7615,7631,7635,7639,7684,7702,7719-7720,7752-7753,7774,7778,7810,7814,7887,7924,7953,7961,7986,7994,8007,8061,8065,8069,8125,8160,8219,8252,8281,8285,8313,8337-8338,8342,8398,8414,8532-8535,8548-8549,8557,8565,8570,8574-8577,8582,8586,8600-8602,8619,8647,8655,8745,8758,8870,8894,9039,9120-9121,9147
packages/admin/src/locales/th/messages.po
  s_f7da1a00d7a35d::t_8057d81c7cd942 99,276,281,286,339,343-352,365-368,411-414,429,433,469,616,668,686,690,744,752,785,789,857,861,865,922,927-930,966,972-973,977-978,1016-1033,1076,1085-1086,1150,1239,1298-1299,1359-1360,1382-1385,1391-1394,1404-1405,1473,1479,1499-1507,1536,1595,1642-1645,1647,1652-1653,1688-1689,1693,1703-1705,1752,1758-1759,1795,1818-1821,1869-1870,1889,1901,1921,1925,1964,2002,2010,2070,2079,2230,2280,2378-2379,2395,2444,2479,2513,2521,2542-2543,2586,2590,2596,2647,2695,2704,2712,2720-2725,2769,2778,2802,2860-2863,2872,2900-2903,2950,2993,3087,3091,3196,3208,3237,3294,3332,3336-3339,3364,3377,3381,3430,3438,3488,3492,3496,3513,3545-3546,3566,3588,3657,3669-3670,3708,3729-3731,3750,3781,3785,3789,3814,3839,3843,3847,3851,3938-3940,3944,3952-3955,3985,4028,4066,4079,4101,4107,4113,4119,4125,4131,4149,4190,4198-4199,4230,4273,4388,4398,4402,4406,4410,4414,4418,4422,4426,4430,4434-4435,4447,4451,4455-4456,4460,4559-4560,4565,4621,4658,4708-4711,4762,4783,4789,4805-4806,4814,4864,4866,4982,4986,5051-5052,5060,5082,5094,5191,5286,5290,5339,5456-5457,5558-5561,5578,5600-5601,5618,5622,5676,5688,5777-5778,5847,5865-5868,5923,6253,6306,6315,6331-6334,6345-6346,6428,6478,6488,6490,6538,6543-6544,6670,6708,6713-6721,6726,6839,6888,6928,7012,7060,7104,7118,7122,7134,7138,7142,7267,7276,7303,7308,7587,7591,7612,7628,7632,7636,7681,7699,7716-7717,7749-7750,7771,7775,7807,7811,7884,7921,7950,7958,7983,7991,8004,8058,8062,8066,8122,8157,8216,8249,8278,8282,8310,8334-8335,8339,8395,8411,8529-8532,8545-8546,8554,8562,8567,8571-8574,8579,8583,8597-8599,8616,8644,8652,8742,8755,8867,8891,9036,9117-9118,9144
packages/admin/src/locales/tr/messages.po
  s_f7da1a00d7a35d::t_d30537f25dcd89 99,276,281,286,339,343-352,365-368,411-414,429,433,469,616,668,686,690,744,752,785,789,857,861,865,922,927-930,966,972-973,977-978,1016-1033,1076,1085-1086,1150,1239,1298-1299,1359-1360,1382-1385,1391-1394,1404-1405,1473,1479,1499-1507,1536,1595,1642-1645,1647,1652-1653,1688-1689,1693,1703-1705,1752,1758-1759,1795,1818-1821,1869-1870,1889,1901,1921,1925,1964,2002,2010,2070,2079,2230,2280,2378-2379,2395,2444,2479,2513,2521,2542-2543,2586,2590,2596,2647,2695,2704,2712,2720-2725,2769,2778,2802,2860-2863,2872,2900-2903,2950,2993,3090,3094,3199,3211,3240,3297,3335,3339-3342,3367,3380,3384,3433,3441,3491,3495,3499,3516,3548-3549,3569,3591,3660,3672-3673,3711,3732-3734,3753,3784,3788,3792,3817,3842,3846,3850,3854,3941-3943,3947,3955-3958,3988,4031,4069,4082,4104,4110,4116,4122,4128,4134,4152,4193,4201-4202,4233,4276,4391,4401,4405,4409,4413,4417,4421,4425,4429,4433,4437-4438,4450,4454,4458-4459,4463,4562-4563,4568,4624,4661,4711-4714,4765,4786,4792,4808-4809,4817,4867,4869,4985,4989,5054-5055,5063,5085,5097,5194,5289,5293,5342,5459-5460,5561-5564,5581,5603-5604,5621,5625,5679,5691,5780-5781,5850,5868-5871,5926,6256,6309,6318,6334-6337,6348-6349,6431,6481,6491,6493,6541,6546-6547,6673,6711,6716-6724,6729,6842,6891,6931,7015,7063,7107,7121,7125,7137,7141,7145,7270,7279,7306,7311,7590,7594,7615,7631,7635,7639,7684,7702,7719-7720,7752-7753,7774,7778,7810,7814,7887,7924,7953,7961,7986,7994,8007,8061,8065,8069,8125,8160,8219,8252,8281,8285,8313,8337-8338,8342,8398,8414,8532-8535,8548-8549,8557,8565,8570,8574-8577,8582,8586,8600-8602,8619,8647,8655,8745,8758,8870,8894,9039,9120-9121,9147
packages/admin/src/locales/uk/messages.po
  s_f7da1a00d7a35d::t_30bd3bd4f4f469 99,276,281,286,339,343-352,365-368,411-414,429,433,469,616,668,686,690,744,752,785,789,857,861,865,922,927-930,966,972-973,977-978,1016-1033,1076,1085-1086,1150,1239,1298-1299,1359-1360,1382-1385,1391-1394,1404-1405,1473,1479,1499-1507,1536,1595,1642-1645,1647,1652-1653,1688-1689,1693,1703-1705,1752,1758-1759,1795,1818-1821,1869-1870,1889,1901,1921,1925,1964,2002,2010,2070,2079,2230,2280,2378-2379,2395,2444,2479,2513,2521,2542-2543,2586,2590,2596,2647,2695,2704,2712,2720-2725,2769,2778,2802,2860-2863,2872,2900-2903,2950,2993,3090,3094,3199,3211,3240,3297,3335,3339-3342,3367,3380,3384,3433,3441,3491,3495,3499,3516,3548-3549,3569,3591,3660,3672-3673,3711,3732-3734,3753,3784,3788,3792,3817,3842,3846,3850,3854,3941-3943,3947,3955-3958,3988,4031,4069,4082,4104,4110,4116,4122,4128,4134,4152,4193,4201-4202,4233,4276,4391,4401,4405,4409,4413,4417,4421,4425,4429,4433,4437-4438,4450,4454,4458-4459,4463,4562-4563,4568,4624,4661,4711-4714,4765,4786,4792,4808-4809,4817,4867,4869,4985,4989,5054-5055,5063,5085,5097,5194,5289,5293,5342,5459-5460,5561-5564,5581,5603-5604,5621,5625,5679,5691,5780-5781,5850,5868-5871,5926,6256,6309,6318,6334-6337,6348-6349,6431,6481,6491,6493,6541,6546-6547,6673,6711,6716-6724,6729,6842,6891,6931,7015,7063,7107,7121,7125,7137,7141,7145,7270,7279,7306,7311,7590,7594,7615,7631,7635,7639,7684,7702,7719-7720,7752-7753,7774,7778,7810,7814,7887,7924,7953,7961,7986,7994,8007,8061,8065,8069,8125,8160,8219,8252,8281,8285,8313,8337-8338,8342,8398,8414,8532-8535,8548-8549,8557,8565,8570,8574-8577,8582,8586,8600-8602,8619,8647,8655,8745,8758,8870,8894,9039,9120-9121,9147
packages/admin/src/locales/zh-CN/messages.po
  s_f7da1a00d7a35d::t_b3619261298a51 99,276,281,286,339,343-352,365-368,411-414,429,433,469,616,668,686,690,744,752,785,789,857,861,865,922,927-930,966,972-973,977-978,1016-1033,1076,1085-1086,1150,1239,1298-1299,1359-1360,1382-1385,1391-1394,1404-1405,1473,1479,1499-1507,1536,1595,1642-1645,1647,1652-1653,1688-1689,1693,1703-1705,1752,1758-1759,1795,1818-1821,1869-1870,1889,1901,1921,1925,1964,2002,2010,2070,2079,2230,2280,2378-2379,2395,2444,2479,2513,2521,2542-2543,2586,2590,2596,2647,2695,2704,2712,2720-2725,2769,2778,2802,2860-2863,2872,2900-2903,2950,2993,3090,3094,3199,3211,3240,3297,3335,3339-3342,3367,3380,3384,3433,3441,3491,3495,3499,3516,3548-3549,3569,3591,3660,3672-3673,3711,3732-3734,3753,3784,3788,3792,3817,3842,3846,3850,3854,3941-3943,3947,3955-3958,3988,4031,4069,4082,4104,4110,4116,4122,4128,4134,4152,4193,4201-4202,4233,4276,4391,4401,4405,4409,4413,4417,4421,4425,4429,4433,4437-4438,4450,4454,4458-4459,4463,4562-4563,4568,4624,4661,4711-4714,4765,4786,4792,4808-4809,4817,4867,4869,4985,4989,5054-5055,5063,5085,5097,5194,5289,5293,5342,5459-5460,5561-5564,5581,5603-5604,5621,5625,5679,5691,5780-5781,5850,5868-5871,5926,6256,6309,6318,6334-6337,6348-6349,6431,6481,6491,6493,6541,6546-6547,6673,6711,6716-6724,6729,6842,6891,6931,7015,7063,7107,7121,7125,7137,7141,7145,7270,7279,7306,7311,7590,7594,7615,7631,7635,7639,7684,7702,7719-7720,7752-7753,7774,7778,7810,7814,7887,7924,7953,7961,7986,7994,8007,8061,8065,8069,8125,8160,8219,8252,8281,8285,8313,8337-8338,8342,8398,8414,8532-8535,8548-8549,8557,8565,8570,8574-8577,8582,8586,8600-8602,8619,8647,8655,8745,8758,8870,8894,9039,9120-9121,9147
packages/admin/src/locales/zh-TW/messages.po
  s_f7da1a00d7a35d::t_bd903eb823491e 99,276,281,286,339,343-352,365-368,411-414,429,433,469,616,668,686,690,744,752,785,789,857,861,865,922,927-930,966,972-973,977-978,1016-1033,1076,1085-1086,1150,1239,1298-1299,1359-1360,1382-1385,1391-1394,1404-1405,1473,1479,1499-1507,1536,1595,1642-1645,1647,1652-1653,1688-1689,1693,1703-1705,1752,1758-1759,1795,1818-1821,1869-1870,1889,1901,1921,1925,1964,2002,2010,2070,2079,2230,2280,2378-2379,2395,2444,2479,2513,2521,2542-2543,2586,2590,2596,2647,2695,2704,2712,2720-2725,2769,2778,2802,2860-2863,2872,2900-2903,2950,2993,3090,3094,3199,3211,3240,3297,3335,3339-3342,3367,3380,3384,3433,3441,3491,3495,3499,3516,3548-3549,3569,3591,3660,3672-3673,3711,3732-3734,3753,3784,3788,3792,3817,3842,3846,3850,3854,3941-3943,3947,3955-3958,3988,4031,4069,4082,4104,4110,4116,4122,4128,4134,4152,4193,4201-4202,4233,4276,4391,4401,4405,4409,4413,4417,4421,4425,4429,4433,4437-4438,4450,4454,4458-4459,4463,4562-4563,4568,4624,4661,4711-4714,4765,4786,4792,4808-4809,4817,4867,4869,4985,4989,5054-5055,5063,5085,5097,5194,5289,5293,5342,5459-5460,5561-5564,5581,5603-5604,5621,5625,5679,5691,5780-5781,5850,5868-5871,5926,6256,6309,6318,6334-6337,6348-6349,6431,6481,6491,6493,6541,6546-6547,6673,6711,6716-6724,6729,6842,6891,6931,7015,7063,7107,7121,7125,7137,7141,7145,7270,7279,7306,7311,7590,7594,7615,7631,7635,7639,7684,7702,7719-7720,7752-7753,7774,7778,7810,7814,7887,7924,7953,7961,7986,7994,8007,8061,8065,8069,8125,8160,8219,8252,8281,8285,8313,8337-8338,8342,8398,8414,8532-8535,8548-8549,8557,8565,8570,8574-8577,8582,8586,8600-8602,8619,8647,8655,8745,8758,8870,8894,9039,9120-9121,9147
packages/admin/src/router.tsx
  s_f7da1a00d7a35d::t_b4ca7a0028a239 117,1393-1394,1414-1415
packages/admin/tests/components/MediaDetailPanel.test.tsx
  s_f7da1a00d7a35d::t_d3166eccb6dcb1 57-94,538-590
packages/admin/tests/components/MediaLibrary.test.tsx
  s_f7da1a00d7a35d::t_d47efbe7c60f21 6,18-31,128-188,190-223,225,227-235,501-552
packages/admin/tests/components/MediaUploadDialog.test.tsx
  s_f7da1a00d7a35d::t_232157374aa292 1-31
packages/admin/tests/components/PortableTextEditor.table.test.ts
  s_f7da1a00d7a35d::t_b9afc01fd81edf 241-319
packages/admin/tests/components/SectionEditor.test.tsx
  s_f7da1a00d7a35d::t_ee24e7b371f50c 6,40,48,70-80,97,150-178
packages/admin/tests/components/SeoPanel.test.tsx
  s_f7da1a00d7a35d::t_d1c5c50bd20986 63-80
packages/admin/tests/editor/CodeBlockNode.test.ts
  s_f7da1a00d7a35d::t_f30e1a83bcfb1e 10,13-14,16,20-45,103-142
packages/admin/tests/editor/image-selection.test.tsx
  s_f7da1a00d7a35d::t_2d9af5052c5953 1-62
packages/admin/tests/lib/media-playback.test.ts
  s_f7da1a00d7a35d::t_121fa86520c579 1-39
packages/admin/tests/lib/media-upload.test.ts
  s_f7da1a00d7a35d::t_1db71c98a60892 3,10-25,27,67,72,217-347
packages/auth-atproto/CHANGELOG.md
  s_f7da1a00d7a35d::t_9b9b7a713d42eb 3-9
packages/auth-atproto/package.json
  s_f7da1a00d7a35d::t_76ef5e15bc727f 3
packages/auth/CHANGELOG.md
  s_f7da1a00d7a35d::t_3ba76765c0e5ef 3-4
packages/auth/package.json
  s_f7da1a00d7a35d::t_80632728530d45 3
packages/blocks/CHANGELOG.md
  s_f7da1a00d7a35d::t_7237a85a7b0236 3-4
packages/blocks/package.json
  s_f7da1a00d7a35d::t_1ea8ba9320c05a 3
packages/cloudflare/CHANGELOG.md
  s_f7da1a00d7a35d::t_35a719961e5027 3-17
packages/cloudflare/package.json
  s_f7da1a00d7a35d::t_d2c8137f8390c6 3
packages/cloudflare/src/db/d1.ts
  s_f7da1a00d7a35d::t_7cf44129700048 165-171,445-450
packages/cloudflare/src/db/do-sql.ts
  s_f7da1a00d7a35d::t_294f91d8e16ec7 176-182,254-258
packages/cloudflare/src/media/stream-runtime.ts
  s_f7da1a00d7a35d::t_6fd3fe91f19a68 290-292
packages/cloudflare/tests/db/d1-request-scope.test.ts
  s_f7da1a00d7a35d::t_0c1adc4d601398 1-86
packages/cloudflare/tests/db/do-sql-request-scope.test.ts
  s_f7da1a00d7a35d::t_428eb7cc0aab03 51-90
packages/cloudflare/tests/media/stream-runtime.test.ts
  s_f7da1a00d7a35d::t_b229153a51e9f8 1-58
packages/core/CHANGELOG.md
  s_f7da1a00d7a35d::t_896a5d9699e08f 3-29
packages/core/package.json
  s_f7da1a00d7a35d::t_bcf427e077917c 3
packages/core/src/astro/middleware.ts
  s_f7da1a00d7a35d::t_9fdf6d59d0b3a0 78,685,795,1015
packages/core/src/astro/middleware/auth.ts
  s_f7da1a00d7a35d::t_3479dbaf8f4fc6 57,195-197
packages/core/src/astro/middleware/scoped-db.ts
  s_f7da1a00d7a35d::t_47e0e7adfef0c4 27-47
packages/core/src/client/transport.ts
  s_f7da1a00d7a35d::t_e02dc4145aabba 189-192,206,208
packages/core/src/components/inline-code-block.tsx
  s_f7da1a00d7a35d::t_cbbe6d8fd90597 340-353,357
packages/core/src/database/migrations/071_restore_content_bylines_table.ts
  s_f7da1a00d7a35d::t_7ee06ae4b57872 1-43
packages/core/src/database/migrations/runner.ts
  s_f7da1a00d7a35d::t_5795180c736f1a 76,148
packages/core/src/ui.ts
  s_f7da1a00d7a35d::t_4439c60e9a1013 48-49
packages/core/src/virtual-modules.d.ts
  s_f7da1a00d7a35d::t_cfac0a752c83b9 58-64
packages/core/tests/integration/cli/migrate-sqlite.test.ts
  s_f7da1a00d7a35d::t_08a9a4544d9a03 132,166,179
packages/core/tests/integration/client/comment-session-auth.test.ts
  s_f7da1a00d7a35d::t_35b8e9fd3b8280 1-206
packages/core/tests/integration/database/migrations.test.ts
  s_f7da1a00d7a35d::t_6b4f49ef77a9e6 187
packages/core/tests/integration/database/restore-content-bylines-table-migration.test.ts
  s_f7da1a00d7a35d::t_d45c1e46a67422 1-121
packages/core/tests/unit/astro/comments-public-auth.test.ts
  s_f7da1a00d7a35d::t_03295e6d2c2b15 1-124
packages/core/tests/unit/client/transport.test.ts
  s_f7da1a00d7a35d::t_6d982c92cacfe7 296-352
packages/core/tests/unit/components/inline-code-block.test.ts
  s_f7da1a00d7a35d::t_9e16e1f92b0dd3 1-80
packages/core/tests/unit/middleware/scoped-db.test.ts
  s_f7da1a00d7a35d::t_b60542709f0b6b 8,30-62
packages/create-emdash/CHANGELOG.md
  s_f7da1a00d7a35d::t_e5f1954fd26462 3-4
packages/create-emdash/package.json
  s_f7da1a00d7a35d::t_8302d85e10f957 3
packages/gutenberg-to-portable-text/CHANGELOG.md
  s_f7da1a00d7a35d::t_4f5d64212439d3 3-4
packages/gutenberg-to-portable-text/package.json
  s_f7da1a00d7a35d::t_cda724809b1894 3
packages/plugins/embeds/CHANGELOG.md
  s_f7da1a00d7a35d::t_d9a595f5d8866e 3-9
packages/plugins/embeds/package.json
  s_f7da1a00d7a35d::t_973e638db42a07 3
packages/plugins/mcp-smoke/CHANGELOG.md
  s_f7da1a00d7a35d::t_85773638f55445 3-9
packages/plugins/mcp-smoke/package.json
  s_f7da1a00d7a35d::t_3136d787bd803c 4
packages/workerd/CHANGELOG.md
  s_f7da1a00d7a35d::t_24bb4abbce56d5 3-9
packages/workerd/package.json
  s_f7da1a00d7a35d::t_c946ada5172edf 3
packages/x402/CHANGELOG.md
  s_f7da1a00d7a35d::t_f1555033d7616b 3-4
packages/x402/package.json
  s_f7da1a00d7a35d::t_a21b90232ea82e 3
pnpm-lock.yaml
  s_f7da1a00d7a35d::t_cdc3803de583bc 280-281,333,412,433,439,466,488,494,503,522,528,555,577,589,611,626,648,654,678,700,712,727,736,748,766,781,797,803,806,815,840,849,855,873,892,898,916,935,944,950,968,987,993,1011,1030,1048,1057-1058,1061,1064,1076,1091,1101,1110,1116,1125,1131,1348,1437,1443,1535,1593,1618,1642,1667,1775,1778,1848,1878,1916,1941,1981,2035,2073,2132,2151,2176,2179,2257,2282,2298,2335,2363,2406,2437,2463,2469,2485,2491,2513,2522,2544,2559,2578,2584,2593,2596,2618,2630,2633,2652,2658,2664,2686,2695,2714,2720,2726,2748,2757,2776,3942-3943,3947,3968-3969,3986-3987,4004-4005,4022-4023,4040-4041,10299-10300,12567-12568,12572-12573,12577,12852,12862-12863,12901,12905,12910,12926,12930-12931,12935,12952,12956-12957,12961,12996,12998,13010,13018,13025,13027,13185,13188,13194,13197,14744,14748,14756,14760,14762,14764,14768,14775,14777-14778,14780-14781,14788,14790-14791,14793-14796,14801,14803-14804,14807-14809,14814,14816-14817,14820-14822,14827,14829-14830,14833-14848,14853,14860-14861,14868,14875-14876,14891,14898-14911,14913,14919,14928,14937,14946,14955,15546,15548,15650,15654,16404,16407,16425-16431,16563,16565,18812,18822,18840,18853,18871,18883,18989,18992,18994,18999,19005,19012,19017,19022,19026,19310,19312,19405,19407,19976,19978,21171,21180,21875,21880,22124,22142,22323,22327,22331,23003,23011,23709,23720,24504,24506-24510,24512,24515,24518,24521,24546
pnpm-workspace.yaml
  s_f7da1a00d7a35d::t_3ec9b8caac97bb 166
skills/writing-emdash-docs/SKILL.md
  s_f7da1a00d7a35d::t_dc94acb3d28097 19-20
templates/blank/.gitignore
  s_f7da1a00d7a35d::t_1536aa395cfadc 4
templates/blog-cloudflare/.gitignore
  s_f7da1a00d7a35d::t_6bb8bf04a8d28c 4
templates/blog/.gitignore
  s_f7da1a00d7a35d::t_11c70315ebdf3d 4
templates/marketing-cloudflare/.gitignore
  s_f7da1a00d7a35d::t_81bfb9e05a4bc0 9
templates/marketing/.gitignore
  s_f7da1a00d7a35d::t_7a07b51cbcff47 9
templates/portfolio-cloudflare/.gitignore
  s_f7da1a00d7a35d::t_7bcfc0ae715b5d 9
templates/portfolio/.gitignore
  s_f7da1a00d7a35d::t_f3bc926c7798f5 9
templates/starter-cloudflare/.gitignore
  s_f7da1a00d7a35d::t_006941fd0763d6 4
templates/starter/.gitignore
  s_f7da1a00d7a35d::t_18328ca45c9db7 4
---
{
  "schema_version": "authorship/3.0.0",
  "git_ai_version": "1.6.10",
  "base_commit_sha": "3fcbca34c195093b6d0a1d6ce0eca7029376c9f8",
  "prompts": {},
  "sessions": {
    "s_2475d4feb449ab": {
      "agent_id": {
        "tool": "codex",
        "id": "01a03089-610c-72b3-8e15-32c53948da17",
        "model": "gpt-5.6-sol"
      },
      "human_author": "khoinguyenpham04 <137921741+khoinguyenpham04@users.noreply.github.com>"
    },
    "s_f7da1a00d7a35d": {
      "agent_id": {
        "tool": "codex",
        "id": "01a015a7-d54d-7a90-9c40-5d48a814f2b7",
        "model": "gpt-5.6-sol"
      },
      "human_author": "khoinguyenpham04 <137921741+khoinguyenpham04@users.noreply.github.com>"
    }
  }
}